SC2
  -ISIS-            3D

 19 18  0  0  0  0  0  0  0  0  0
   48.0210   67.8770   22.1530 C   0  0  0  0  0
   47.7320   69.9370   20.8060 C   0  0  0  0  0
   51.0770   68.8410   20.8210 C   0  0  0  0  0
   48.7420   69.0240   21.5020 C   0  0  0  0  0
   49.7870   68.6080   20.5810 N   0  0  0  0  0
   46.8860   68.1090   22.6420 O   0  0  0  0  0
   48.5790   66.7510   22.1960 O   0  0  0  0  0
   51.8140   68.2470   21.4420 O   0  0  0  0  0
   51.5300   70.2770   20.9370 C   0  0  0  0  0
   47.1370   69.2160   19.2460 S   0  0  0  0  0
   49.5300   68.1320   19.7400 H   0  0  0  0  0
   49.2560   69.5760   22.3020 H   0  0  0  0  0
   46.8730   70.0880   21.4760 H   0  0  0  0  0
   48.2180   70.9000   20.5880 H   0  0  0  0  0
   46.5410   67.3150   23.0330 H   0  0  0  0  0
   52.4240   70.3300   21.5760 H   0  0  0  0  0
   51.7710   70.6670   19.9370 H   0  0  0  0  0
   50.7250   70.8800   21.3820 H   0  0  0  0  0
   46.3100   70.1270   18.8250 H   0  0  0  0  0
  1  6  1  0  0  0
  1  7  2  0  0  0
  1  4  1  0  0  0
  2  4  1  0  0  0
  2 10  1  0  0  0
  2 13  1  0  0  0
  2 14  1  0  0  0
  3  5  1  0  0  0
  3  8  2  0  0  0
  3  9  1  0  0  0
  4  5  1  0  0  0
  4 12  1  0  0  0
  5 11  1  0  0  0
  6 15  1  0  0  0
  9 16  1  0  0  0
  9 17  1  0  0  0
  9 18  1  0  0  0
 10 19  1  0  0  0
M  END
$$$$
