2C0
  CCTOOLS-1206131257

 26 26  0  0  1  0  0  0  0  0999 V2000
  -18.1860   18.4140  -32.7940 CL  0  0  0  0  0
  -19.6920   17.6110  -32.2910 C   0  0  0  0  0
  -20.8990   17.8960  -32.9470 C   0  0  0  0  0
  -22.0560   17.2460  -32.5220 C   0  0  0  0  0
  -19.6460   16.7610  -31.1960 C   0  0  0  0  0
  -20.8010   16.0890  -30.7830 C   0  0  0  0  0
  -22.0170   16.3370  -31.4580 C   0  0  0  0  0
  -23.2540   15.7100  -30.9260 C   0  0  0  0  0
  -24.1320   15.1110  -32.0540 C   0  0  0  0  0
  -23.4700   13.9300  -32.6270 N   0  0  0  0  0
  -24.0730   16.8170  -30.2100 C   0  0  0  0  0
  -23.5340   17.2310  -28.8500 C   0  0  0  0  0
  -23.0040   16.4290  -28.0740 O   0  0  0  0  0
  -23.6990   18.5010  -28.4730 O   0  0  0  0  0
  -20.9310   18.6030  -33.7630 H   0  0  0  0  0
  -22.9940   17.4460  -33.0190 H   0  0  0  0  0
  -18.7180   16.6180  -30.6620 H   0  0  0  0  0
  -20.7640   15.3910  -29.9600 H   0  0  0  0  0
  -23.0000   14.9200  -30.2040 H   0  0  0  0  0
  -24.2790   15.8650  -32.8410 H   0  0  0  0  0
  -25.1080   14.8180  -31.6400 H   0  0  0  0  0
  -24.0400   13.5470  -33.3540 H   0  0  0  0  0
  -22.5830   14.1960  -33.0040 H   0  0  0  0  0
  -24.0860   17.7060  -30.8580 H   0  0  0  0  0
  -25.1000   16.4480  -30.0730 H   0  0  0  0  0
  -22.7770   16.8730  -27.2650 H   0  0  0  0  0
  1  2  1  0  0  0
  2  5  2  0  0  0
  3  4  2  0  0  0
  3  2  1  0  0  0
  3 15  1  0  0  0
  4  7  1  0  0  0
  4 16  1  0  0  0
  5  6  1  0  0  0
  5 17  1  0  0  0
  6 18  1  0  0  0
  7  8  1  0  0  0
  7  6  2  0  0  0
  8 11  1  0  0  0
  8 19  1  0  0  0
  9  8  1  0  0  0
  9 20  1  0  0  0
  9 21  1  0  0  0
 10  9  1  0  0  0
 10 22  1  0  0  0
 10 23  1  0  0  0
 11 12  1  0  0  0
 11 24  1  0  0  0
 11 25  1  0  0  0
 12 14  2  0  0  0
 12 13  1  0  0  0
 13 26  1  0  0  0
M  END
$$$$
