DX2
  -ISIS-            3D

 30 32  0  0  0  0  0  0  0  0  0
  -24.4940   -8.9960   23.1490 C   0  0  0  0  0
  -23.9500  -12.3850   24.3100 C   0  0  0  0  0
  -25.2720  -12.6990   24.7610 C   0  0  0  0  0
  -26.9900   -9.6390   24.0390 N   0  0  0  0  0
  -27.6900   -7.5230   23.4080 N   0  0  0  0  0
  -25.5040   -8.1120   23.0540 N   0  0  0  0  0
  -22.9270  -14.4450   23.5660 C   0  0  0  0  0
  -21.8580  -15.3480   23.4690 C   0  0  0  0  0
  -20.6550  -15.0390   24.0990 C   0  0  0  0  0
  -20.5510  -13.8340   24.8090 C   0  0  0  0  0
  -21.6240  -12.9300   24.8980 C   0  0  0  0  0
  -22.8400  -13.2470   24.3000 C   0  0  0  0  0
  -23.7400  -11.1750   23.7740 N   0  0  0  0  0
  -24.7290  -10.2670   23.6960 C   0  0  0  0  0
  -23.2860   -8.6810   22.7080 N   0  0  0  0  0
  -26.7330   -8.4250   23.5000 C   0  0  0  0  0
  -26.0130  -10.5680   24.1540 C   0  0  0  0  0
  -26.2590  -11.7790   24.6770 N   0  0  0  0  0
  -25.6110  -13.8720   25.3000 N   0  0  0  0  0
  -28.0230   -7.2950   24.3230 H   0  0  0  0  0
  -27.3310   -6.7000   22.9690 H   0  0  0  0  0
  -23.8520  -14.6780   23.0580 H   0  0  0  0  0
  -21.9660  -16.2680   22.9140 H   0  0  0  0  0
  -19.8160  -15.7160   24.0420 H   0  0  0  0  0
  -19.6200  -13.5940   25.3010 H   0  0  0  0  0
  -21.5050  -11.9960   25.4270 H   0  0  0  0  0
  -23.3050   -8.6020   21.7110 H   0  0  0  0  0
  -23.0030   -7.8090   23.1060 H   0  0  0  0  0
  -25.6960  -14.5590   24.5780 H   0  0  0  0  0
  -24.9060  -14.1560   25.9500 H   0  0  0  0  0
  1  6  2  0  0  0
  1 14  1  0  0  0
  1 15  1  0  0  0
  2  3  2  0  0  0
  2 12  1  0  0  0
  2 13  1  0  0  0
  3 18  1  0  0  0
  3 19  1  0  0  0
  4 16  2  0  0  0
  4 17  1  0  0  0
  5 16  1  0  0  0
  5 20  1  0  0  0
  5 21  1  0  0  0
  6 16  1  0  0  0
  7  8  2  0  0  0
  7 12  1  0  0  0
  7 22  1  0  0  0
  8  9  1  0  0  0
  8 23  1  0  0  0
  9 10  2  0  0  0
  9 24  1  0  0  0
 10 11  1  0  0  0
 10 25  1  0  0  0
 11 12  2  0  0  0
 11 26  1  0  0  0
 13 14  2  0  0  0
 14 17  1  0  0  0
 15 27  1  0  0  0
 15 28  1  0  0  0
 17 18  2  0  0  0
 19 29  1  0  0  0
 19 30  1  0  0  0
M  END
$$$$
