377
  CCTOOLS-0919141156

 34 36  0  0  1  0  0  0  0  0999 V2000
 -125.2200  -42.2530  -68.8140 C   0  0  0  0  0
 -124.4700  -44.5040  -69.4830 C   0  0  0  0  0
 -125.2570  -46.4300  -68.2960 N   0  0  0  0  0
 -127.1790  -43.8700  -70.1100 C   0  0  0  0  0
 -126.3400  -42.8870  -68.0430 C   0  0  0  0  0
 -125.6360  -45.1140  -68.7490 C   0  0  0  0  0
 -124.8590  -43.1450  -69.9700 C   0  0  0  0  0
 -127.5300  -43.0300  -68.9270 C   0  0  0  0  0
 -126.8240  -45.2480  -69.6680 C   0  0  0  0  0
 -125.9690  -44.2540  -67.5540 C   0  0  0  0  0
 -126.0340  -43.2910  -70.8780 C   0  0  0  0  0
 -128.3720  -43.8640  -70.9750 C   0  0  0  0  0
 -126.6990  -41.9880  -66.9140 C   0  0  0  0  0
 -124.3460  -42.1260  -68.1580 H   0  0  0  0  0
 -125.5410  -41.2710  -69.1910 H   0  0  0  0  0
 -124.2000  -45.1390  -70.3390 H   0  0  0  0  0
 -123.6090  -44.4200  -68.8030 H   0  0  0  0  0
 -124.4690  -46.3580  -67.6840 H   0  0  0  0  0
 -126.0220  -46.8470  -67.8060 H   0  0  0  0  0
 -124.0200  -42.7000  -70.5250 H   0  0  0  0  0
 -127.8540  -42.0360  -69.2680 H   0  0  0  0  0
 -128.3460  -43.5100  -68.3670 H   0  0  0  0  0
 -127.6690  -45.7040  -69.1310 H   0  0  0  0  0
 -126.5630  -45.8700  -70.5370 H   0  0  0  0  0
 -126.8140  -44.6940  -67.0040 H   0  0  0  0  0
 -125.0950  -44.1860  -66.8900 H   0  0  0  0  0
 -125.7740  -43.9600  -71.7120 H   0  0  0  0  0
 -126.3180  -42.3050  -71.2740 H   0  0  0  0  0
 -129.2260  -44.2870  -70.4260 H   0  0  0  0  0
 -128.6040  -42.8310  -71.2730 H   0  0  0  0  0
 -128.1770  -44.4690  -71.8720 H   0  0  0  0  0
 -125.8310  -41.8700  -66.2490 H   0  0  0  0  0
 -126.9950  -41.0050  -67.3080 H   0  0  0  0  0
 -127.5370  -42.4240  -66.3500 H   0  0  0  0  0
  1  5  1  0  0  0
  1 14  1  0  0  0
  1 15  1  0  0  0
  2  6  1  0  0  0
  2 16  1  0  0  0
  2 17  1  0  0  0
  3 18  1  0  0  0
  3 19  1  0  0  0
  4  9  1  0  0  0
  4  8  1  0  0  0
  5 10  1  0  0  0
  5 13  1  0  0  0
  6  3  1  0  0  0
  6 10  1  0  0  0
  7  2  1  0  0  0
  7  1  1  0  0  0
  7 20  1  0  0  0
  8  5  1  0  0  0
  8 21  1  0  0  0
  8 22  1  0  0  0
  9  6  1  0  0  0
  9 23  1  0  0  0
  9 24  1  0  0  0
 10 25  1  0  0  0
 10 26  1  0  0  0
 11  4  1  0  0  0
 11  7  1  0  0  0
 11 27  1  0  0  0
 11 28  1  0  0  0
 12  4  1  0  0  0
 12 29  1  0  0  0
 12 30  1  0  0  0
 12 31  1  0  0  0
 13 32  1  0  0  0
 13 33  1  0  0  0
 13 34  1  0  0  0
M  END
$$$$
