9UQ
  CCTOOLS-1005181004

 33 34  0  0  1  0  0  0  0  0999 V2000
   26.4910  -17.9580    2.2310 C   0  0  0  0  0
   26.5200  -14.6830   -0.8410 C   0  0  0  0  0
   24.6930  -14.8850   -2.4770 C   0  0  0  0  0
   24.1770  -15.2170   -0.1710 C   0  0  0  0  0
   25.9040  -14.0720   -2.0950 C   0  0  0  0  0
   26.2110  -15.7350    1.2830 C   0  0  0  0  0
   25.4130  -13.3360    0.9230 C   0  0  0  0  0
   24.3880  -15.0290   -3.6540 O   0  0  0  0  0
   23.2520  -15.4100    0.6040 O   0  0  0  0  0
   23.9930  -15.4330   -1.4810 N   0  0  0  0  0
   25.5380  -14.7510    0.3330 C   0  0  0  0  0
   24.5310  -13.2140    2.1410 C   0  0  0  0  0
   27.2930  -15.3110    2.0670 C   0  0  0  0  0
   27.9510  -16.1850    2.9280 C   0  0  0  0  0
   27.5550  -17.5100    3.0110 C   0  0  0  0  0
   28.2120  -18.3430    3.8500 N   0  0  0  0  0
   25.8280  -17.0800    1.3690 C   0  0  0  0  0
   26.1770  -18.9890    2.2930 H   0  0  0  0  0
   26.8570  -15.7030   -1.0770 H   0  0  0  0  0
   27.3840  -14.0720   -0.5410 H   0  0  0  0  0
   26.6370  -14.0900   -2.9150 H   0  0  0  0  0
   25.6050  -13.0330   -1.8930 H   0  0  0  0  0
   26.4210  -12.9940    1.2000 H   0  0  0  0  0
   25.0040  -12.6780    0.1420 H   0  0  0  0  0
   23.2610  -16.0650   -1.7370 H   0  0  0  0  0
   24.5130  -12.1670    2.4780 H   0  0  0  0  0
   23.5100  -13.5350    1.8880 H   0  0  0  0  0
   24.9270  -13.8510    2.9460 H   0  0  0  0  0
   27.6230  -14.2850    2.0020 H   0  0  0  0  0
   28.7720  -15.8290    3.5330 H   0  0  0  0  0
   28.9380  -17.8400    4.3190 H   0  0  0  0  0
   27.5710  -18.7100    4.5250 H   0  0  0  0  0
   25.0110  -17.4420    0.7620 H   0  0  0  0  0
  1 15  2  0  0  0
  1 18  1  0  0  0
  2 11  1  0  0  0
  2 19  1  0  0  0
  2 20  1  0  0  0
  3  5  1  0  0  0
  3 10  1  0  0  0
  4 11  1  0  0  0
  4  9  2  0  0  0
  5  2  1  0  0  0
  5 21  1  0  0  0
  5 22  1  0  0  0
  6 17  2  0  0  0
  6 13  1  0  0  0
  7 12  1  0  0  0
  7 23  1  0  0  0
  7 24  1  0  0  0
  8  3  2  0  0  0
 10  4  1  0  0  0
 10 25  1  0  0  0
 11  7  1  0  0  0
 11  6  1  0  0  0
 12 26  1  0  0  0
 12 27  1  0  0  0
 12 28  1  0  0  0
 13 14  2  0  0  0
 13 29  1  0  0  0
 14 15  1  0  0  0
 14 30  1  0  0  0
 15 16  1  0  0  0
 16 31  1  0  0  0
 16 32  1  0  0  0
 17  1  1  0  0  0
 17 33  1  0  0  0
M  END
$$$$
