EF2
  CCTOOLS-0912141118

 29 31  0  0  1  0  0  0  0  0999 V2000
   -1.9230    7.6950   11.5530 O   0  0  0  0  0
   -1.7150    8.1980   12.6490 C   0  0  0  0  0
   -1.2940    9.4800   12.7950 N   0  0  0  0  0
   -1.0710   10.0980   13.9790 C   0  0  0  0  0
   -0.6930   11.2480   14.0060 O   0  0  0  0  0
   -1.3060    9.3770   15.2840 C   0  0  0  0  0
   -1.1110    7.8540   15.0770 C   0  0  0  0  0
   -2.0010    7.3990   13.8990 C   0  0  0  0  0
   -1.8960    5.9660   13.6690 N   0  0  0  0  0
   -1.1600    1.4940   12.4720 C   0  0  0  0  0
   -0.5210    2.7510   12.3880 C   0  0  0  0  0
   -1.2270    3.8480   12.9070 C   0  0  0  0  0
   -2.5050    3.7040   13.4760 C   0  0  0  0  0
    0.1860    5.7930   12.6040 O   0  0  0  0  0
   -3.9930    5.3480   14.4010 O   0  0  0  0  0
   -3.1470    2.4540   13.5350 C   0  0  0  0  0
   -2.4540    1.3430   13.0130 C   0  0  0  0  0
   -2.9000    5.0910   13.9260 C   0  0  0  0  0
   -0.8680    5.3160   13.0430 C   0  0  0  0  0
   -1.1360   10.0100   11.9620 H   0  0  0  0  0
   -3.0400    7.6150   14.1880 H   0  0  0  0  0
   -0.5900    9.7390   16.0370 H   0  0  0  0  0
   -2.3320    9.5710   15.6300 H   0  0  0  0  0
   -0.0560    7.6430   14.8470 H   0  0  0  0  0
   -1.4020    7.3150   15.9910 H   0  0  0  0  0
   -0.6400    0.6190   12.1100 H   0  0  0  0  0
    0.4590    2.8620   11.9480 H   0  0  0  0  0
   -2.9180    0.3680   13.0270 H   0  0  0  0  0
   -4.1330    2.3490   13.9640 H   0  0  0  0  0
  1  2  2  0  0  0
  2  3  1  0  0  0
  2  8  1  0  0  0
  3  4  1  0  0  0
  3 20  1  0  0  0
  4  5  2  0  0  0
  4  6  1  0  0  0
  6  7  1  0  0  0
  6 22  1  0  0  0
  6 23  1  0  0  0
  7  8  1  0  0  0
  7 24  1  0  0  0
  7 25  1  0  0  0
  8  9  1  0  0  0
  8 21  1  0  0  0
  9 18  1  0  0  0
  9 19  1  0  0  0
 10 11  1  0  0  0
 10 17  2  0  0  0
 10 26  1  0  0  0
 11 12  2  0  0  0
 11 27  1  0  0  0
 12 13  1  0  0  0
 12 19  1  0  0  0
 13 16  2  0  0  0
 13 18  1  0  0  0
 14 19  2  0  0  0
 15 18  2  0  0  0
 16 17  1  0  0  0
 16 29  1  0  0  0
 17 28  1  0  0  0
M  END
$$$$
