LQZ
  -ISIS-            3D

 39 39  0  0  0  0  0  0  0  0  0
   45.7970    8.9040  -36.6200 C   0  0  0  0  0
   47.6800   10.4800  -35.8970 N   0  0  0  0  0
   45.1060    9.5180  -35.8860 O   0  0  0  0  0
   47.2720    9.3360  -36.7590 C   0  0  0  0  0
   48.0030   12.8780  -36.6020 C   0  0  0  0  0
   50.0140   10.0460  -36.8460 C   0  0  0  0  0
   42.9100   10.0310  -37.2050 C   0  0  0  0  0
   44.4840    4.8310  -37.4500 C   0  0  0  0  0
   40.7980    6.5290  -37.0960 C   0  0  0  0  0
   41.1650    8.0550  -37.0890 C   0  0  0  0  0
   41.9290    5.4500  -37.2210 C   0  0  0  0  0
   47.0110   11.7500  -36.2710 C   0  0  0  0  0
   49.1510   10.6080  -35.6930 C   0  0  0  0  0
   45.2100    7.8420  -37.4440 N   0  0  0  0  0
   42.6490    8.5180  -37.2080 C   0  0  0  0  0
   43.4010    5.9050  -37.3350 C   0  0  0  0  0
   43.7840    7.4600  -37.3290 C   0  0  0  0  0
   47.8990    8.4740  -36.4870 H   0  0  0  0  0
   47.4350    9.6330  -37.8060 H   0  0  0  0  0
   47.4470   13.7890  -36.8700 H   0  0  0  0  0
   48.6350   13.0790  -35.7250 H   0  0  0  0  0
   48.6360   12.5730  -37.4480 H   0  0  0  0  0
   51.0790   10.1840  -36.6080 H   0  0  0  0  0
   49.8030    8.9740  -36.9730 H   0  0  0  0  0
   49.7740   10.5800  -37.7770 H   0  0  0  0  0
   43.0630   10.3750  -36.1710 H   0  0  0  0  0
   43.8090   10.2490  -37.8010 H   0  0  0  0  0
   42.0450   10.5530  -37.6410 H   0  0  0  0  0
   44.6580    4.5970  -38.5110 H   0  0  0  0  0
   45.4160    5.2010  -36.9990 H   0  0  0  0  0
   44.1570    3.9230  -36.9230 H   0  0  0  0  0
   39.7660    6.2220  -37.0150 H   0  0  0  0  0
   40.3810    8.7920  -37.0010 H   0  0  0  0  0
   41.6810    4.3990  -37.2270 H   0  0  0  0  0
   46.3900   11.5650  -37.1600 H   0  0  0  0  0
   46.3890   12.0750  -35.4240 H   0  0  0  0  0
   49.3840   11.6780  -35.5900 H   0  0  0  0  0
   49.4120   10.0560  -34.7780 H   0  0  0  0  0
   45.7900    7.3620  -38.1030 H   0  0  0  0  0
  1  3  2  0  0  0
  1  4  1  0  0  0
  1 14  1  0  0  0
  2  4  1  0  0  0
  2 12  1  0  0  0
  2 13  1  0  0  0
  4 18  1  0  0  0
  4 19  1  0  0  0
  5 12  1  0  0  0
  5 20  1  0  0  0
  5 21  1  0  0  0
  5 22  1  0  0  0
  6 13  1  0  0  0
  6 23  1  0  0  0
  6 24  1  0  0  0
  6 25  1  0  0  0
  7 15  1  0  0  0
  7 26  1  0  0  0
  7 27  1  0  0  0
  7 28  1  0  0  0
  8 16  1  0  0  0
  8 29  1  0  0  0
  8 30  1  0  0  0
  8 31  1  0  0  0
  9 10  2  0  0  0
  9 11  1  0  0  0
  9 32  1  0  0  0
 10 15  1  0  0  0
 10 33  1  0  0  0
 11 16  2  0  0  0
 11 34  1  0  0  0
 12 35  1  0  0  0
 12 36  1  0  0  0
 13 37  1  0  0  0
 13 38  1  0  0  0
 14 17  1  0  0  0
 14 39  1  0  0  0
 15 17  2  0  0  0
 16 17  1  0  0  0
M  END
$$$$
