NPS
  CCTOOLS-1118111146

 31 32  0  0  1  0  0  0  0  0999 V2000
   15.2910   -5.2140   27.9360 C   0  0  0  0  0
   16.0220   -6.3350   27.7880 O   0  0  0  0  0
   15.5610   -4.0570   27.2550 C   0  0  0  0  0
   10.8420   -0.9840   29.7830 C   0  0  0  0  0
   14.7710   -2.9430   27.4470 C   0  0  0  0  0
   13.7020   -2.9750   28.3200 C   0  0  0  0  0
   13.4420   -4.2240   29.0230 C   0  0  0  0  0
   14.2460   -5.2920   28.8090 C   0  0  0  0  0
   12.8630   -1.9050   28.5630 C   0  0  0  0  0
   11.8230   -2.0480   29.4710 C   0  0  0  0  0
   10.2450   -0.4410   28.5070 C   0  0  0  0  0
   12.4110   -4.3300   29.8980 C   0  0  0  0  0
   11.6110   -3.2440   30.1000 C   0  0  0  0  0
   17.0470   -6.3920   26.8530 C   0  0  0  0  0
   11.5310    1.2210   30.1270 O   0  0  0  0  0
   11.1800    0.0260   31.8540 O   0  0  0  0  0
   11.2250    0.1560   30.6460 C   0  0  0  0  0
   11.7090    1.8640   30.8030 H   0  0  0  0  0
   10.1350   -1.5370   30.4190 H   0  0  0  0  0
    9.1610   -0.3090   28.6360 H   0  0  0  0  0
   10.7070    0.5290   28.2700 H   0  0  0  0  0
   10.4330   -1.1470   27.6850 H   0  0  0  0  0
   13.0150   -0.9660   28.0510 H   0  0  0  0  0
   10.7790   -3.3320   30.7820 H   0  0  0  0  0
   14.9910   -2.0340   26.9070 H   0  0  0  0  0
   16.3930   -4.0170   26.5670 H   0  0  0  0  0
   12.2270   -5.2550   30.4240 H   0  0  0  0  0
   14.0580   -6.2160   29.3350 H   0  0  0  0  0
   16.6190   -6.4070   25.8400 H   0  0  0  0  0
   17.6940   -5.5100   26.9640 H   0  0  0  0  0
   17.6400   -7.3050   27.0140 H   0  0  0  0  0
  1  2  1  0  0  0
  2 14  1  0  0  0
  3  1  1  0  0  0
  3 26  1  0  0  0
  4 11  1  0  0  0
  4 10  1  0  0  0
  4 19  1  0  0  0
  5  3  2  0  0  0
  5 25  1  0  0  0
  6  5  1  0  0  0
  6  7  1  0  0  0
  7  8  1  0  0  0
  8  1  2  0  0  0
  8 28  1  0  0  0
  9  6  2  0  0  0
  9 23  1  0  0  0
 10  9  1  0  0  0
 10 13  2  0  0  0
 11 20  1  0  0  0
 11 21  1  0  0  0
 11 22  1  0  0  0
 12  7  2  0  0  0
 12 27  1  0  0  0
 13 12  1  0  0  0
 13 24  1  0  0  0
 14 29  1  0  0  0
 14 30  1  0  0  0
 14 31  1  0  0  0
 15 17  1  0  0  0
 15 18  1  0  0  0
 17 16  2  0  0  0
 17  4  1  0  0  0
M  END
$$$$
