FVX
  CCTOOLS-0817121137

 43 43  0  0  0  0  0  0  0  0999 V2000
    3.1570   27.5380  -17.5890 C   0  0  0  0  0
    2.2390   28.1810  -18.4710 O   0  0  0  0  0
    2.4160   27.6740  -19.7970 C   0  0  0  0  0
    2.7910   28.8170  -20.7470 C   0  0  0  0  0
    2.0130   30.0880  -20.4040 C   0  0  0  0  0
    0.5220   29.8280  -20.6140 C   0  0  0  0  0
    0.0130   30.8380  -21.6060 C   0  0  0  0  0
   -0.0440   30.6480  -22.8640 N   0  0  0  0  0
    0.7650   29.7740  -23.5720 O   0  0  0  0  0
    0.2500   28.5640  -24.1570 C   0  0  0  0  0
    1.3980   27.9110  -24.9040 C   0  0  0  0  0
    0.8670   26.7950  -25.7260 N   0  0  0  0  0
   -0.4280   32.1330  -21.0360 C   0  0  0  0  0
    0.2850   33.2840  -21.3600 C   0  0  0  0  0
   -0.1200   34.4950  -20.8180 C   0  0  0  0  0
   -1.2180   34.5230  -19.9600 C   0  0  0  0  0
   -1.9220   33.3670  -19.6310 C   0  0  0  0  0
   -1.5240   32.1540  -20.1720 C   0  0  0  0  0
   -1.6410   35.8420  -19.3710 C   0  0  0  0  0
   -0.6840   36.7690  -19.5820 F   0  0  0  0  0
   -2.8240   36.2330  -19.8940 F   0  0  0  0  0
   -1.7670   35.6580  -18.0410 F   0  0  0  0  0
    3.0210   27.9280  -16.5690 H   0  0  0  0  0
    2.9720   26.4540  -17.5950 H   0  0  0  0  0
    4.1860   27.7360  -17.9230 H   0  0  0  0  0
    1.4790   27.2090  -20.1380 H   0  0  0  0  0
    3.2190   26.9220  -19.7960 H   0  0  0  0  0
    2.5570   28.5190  -21.7800 H   0  0  0  0  0
    3.8690   29.0190  -20.6590 H   0  0  0  0  0
    2.1960   30.3610  -19.3540 H   0  0  0  0  0
    2.3400   30.9090  -21.0590 H   0  0  0  0  0
   -0.0150   29.9370  -19.6600 H   0  0  0  0  0
    0.3710   28.8110  -21.0050 H   0  0  0  0  0
   -0.5690   28.7990  -24.8530 H   0  0  0  0  0
   -0.1200   27.8910  -23.3690 H   0  0  0  0  0
    2.1330   27.5220  -24.1840 H   0  0  0  0  0
    1.8820   28.6520  -25.5570 H   0  0  0  0  0
    1.6180   26.3590  -26.2220 H   0  0  0  0  0
    0.4260   26.1230  -25.1310 H   0  0  0  0  0
    1.1380   33.2350  -22.0210 H   0  0  0  0  0
    0.4090   35.4050  -21.0580 H   0  0  0  0  0
   -2.7680   33.4150  -18.9620 H   0  0  0  0  0
   -2.0520   31.2430  -19.9300 H   0  0  0  0  0
  1 23  1  0  0  0
  1 24  1  0  0  0
  1 25  1  0  0  0
  2  1  1  0  0  0
  3  2  1  0  0  0
  3 26  1  0  0  0
  3 27  1  0  0  0
  4  5  1  0  0  0
  4  3  1  0  0  0
  4 28  1  0  0  0
  4 29  1  0  0  0
  5 30  1  0  0  0
  5 31  1  0  0  0
  6  5  1  0  0  0
  6 32  1  0  0  0
  6 33  1  0  0  0
  7 13  1  0  0  0
  7  6  1  0  0  0
  8  7  2  0  0  0
  9  8  1  0  0  0
 10  9  1  0  0  0
 10 34  1  0  0  0
 10 35  1  0  0  0
 11 10  1  0  0  0
 11 36  1  0  0  0
 11 37  1  0  0  0
 12 11  1  0  0  0
 12 38  1  0  0  0
 12 39  1  0  0  0
 13 18  1  0  0  0
 14 13  2  0  0  0
 14 15  1  0  0  0
 14 40  1  0  0  0
 15 16  2  0  0  0
 15 41  1  0  0  0
 16 17  1  0  0  0
 16 19  1  0  0  0
 17 42  1  0  0  0
 18 17  2  0  0  0
 18 43  1  0  0  0
 19 22  1  0  0  0
 20 19  1  0  0  0
 21 19  1  0  0  0
M  END
$$$$
