TE4
  CCTOOLS-0213151313

 43 43  0  0  0  0  0  0  0  0999 V2000
  -63.7830    7.1760  -38.3040 O   0  0  0  0  0
  -63.0460    7.7090  -39.1140 C   0  0  0  0  0
  -63.5210    7.8410  -40.4890 O   0  0  0  0  0
  -64.1800    9.0140  -40.9710 C   0  0  0  0  0
  -65.2200    8.6450  -42.0270 C   0  0  0  0  0
  -64.5730    8.7960  -43.3270 N   0  0  0  0  0
  -63.4280    7.9560  -43.6610 C   0  0  0  0  0
  -65.0620    9.7680  -44.3050 C   0  0  0  0  0
  -61.6860    8.2110  -38.6990 C   0  0  0  0  0
  -61.1840    9.3790  -39.2510 C   0  0  0  0  0
  -59.9390    9.8700  -38.8790 C   0  0  0  0  0
  -59.1670    9.1830  -37.9470 C   0  0  0  0  0
  -59.6670    8.0140  -37.3830 C   0  0  0  0  0
  -60.9160    7.5280  -37.7620 C   0  0  0  0  0
  -57.9590    9.6310  -37.5410 N   0  0  0  0  0
  -57.4060   10.9180  -37.9380 C   0  0  0  0  0
  -56.8060   10.9070  -39.3300 C   0  0  0  0  0
  -55.2880   11.0020  -39.3040 C   0  0  0  0  0
  -54.7530   11.1340  -40.7140 C   0  0  0  0  0
  -63.4360    9.6910  -41.4160 H   0  0  0  0  0
  -64.6800    9.5200  -40.1320 H   0  0  0  0  0
  -66.0880    9.3180  -41.9550 H   0  0  0  0  0
  -65.5500    7.6050  -41.8870 H   0  0  0  0  0
  -63.2010    7.2910  -42.8150 H   0  0  0  0  0
  -63.6630    7.3520  -44.5500 H   0  0  0  0  0
  -62.5550    8.5920  -43.8710 H   0  0  0  0  0
  -65.9240   10.3090  -43.8860 H   0  0  0  0  0
  -64.2610   10.4830  -44.5430 H   0  0  0  0  0
  -65.3690    9.2430  -45.2220 H   0  0  0  0  0
  -61.7700    9.9160  -39.9820 H   0  0  0  0  0
  -59.5690   10.7870  -39.3140 H   0  0  0  0  0
  -59.0840    7.4800  -36.6470 H   0  0  0  0  0
  -61.2900    6.6140  -37.3250 H   0  0  0  0  0
  -57.9940    9.6450  -36.5420 H   0  0  0  0  0
  -56.6200   11.1970  -37.2210 H   0  0  0  0  0
  -58.2110   11.6680  -37.9100 H   0  0  0  0  0
  -57.2050   11.7630  -39.8940 H   0  0  0  0  0
  -57.0940    9.9710  -39.8320 H   0  0  0  0  0
  -54.8740   10.0940  -38.8410 H   0  0  0  0  0
  -54.9880   11.8820  -38.7170 H   0  0  0  0  0
  -53.6550   11.2020  -40.6850 H   0  0  0  0  0
  -55.0500   10.2540  -41.3030 H   0  0  0  0  0
  -55.1650   12.0420  -41.1790 H   0  0  0  0  0
  2  9  1  0  0  0
  2  1  2  0  0  0
  3  2  1  0  0  0
  4  3  1  0  0  0
  4 20  1  0  0  0
  4 21  1  0  0  0
  5  4  1  0  0  0
  5 22  1  0  0  0
  5 23  1  0  0  0
  6  5  1  0  0  0
  7  6  1  0  0  0
  7 24  1  0  0  0
  7 25  1  0  0  0
  7 26  1  0  0  0
  8  6  1  0  0  0
  8 27  1  0  0  0
  8 28  1  0  0  0
  8 29  1  0  0  0
  9 14  2  0  0  0
 10 11  2  0  0  0
 10  9  1  0  0  0
 10 30  1  0  0  0
 11 12  1  0  0  0
 11 31  1  0  0  0
 12 15  1  0  0  0
 12 13  2  0  0  0
 13 32  1  0  0  0
 14 13  1  0  0  0
 14 33  1  0  0  0
 15 34  1  0  0  0
 16 15  1  0  0  0
 16 35  1  0  0  0
 16 36  1  0  0  0
 17 18  1  0  0  0
 17 16  1  0  0  0
 17 37  1  0  0  0
 17 38  1  0  0  0
 18 39  1  0  0  0
 18 40  1  0  0  0
 19 18  1  0  0  0
 19 41  1  0  0  0
 19 42  1  0  0  0
 19 43  1  0  0  0
M  END
$$$$
