5RL
  CCTOOLS-0603161148

 37 40  0  0  1  0  0  0  0  0999 V2000
   36.3950   -4.1850   13.4910 C   0  0  0  0  0
   35.9120   -1.9640   12.8120 C   0  0  0  0  0
   36.7790   -2.8120   13.4390 C   0  0  0  0  0
   31.7490   -3.2240   11.8680 C   0  0  0  0  0
   35.6190   -6.9220   13.5830 C   0  0  0  0  0
   37.2250   -5.1190   14.0970 C   0  0  0  0  0
   36.1540   -0.5860   12.6800 C   0  0  0  0  0
   38.2020   -0.8580   13.8280 C   0  0  0  0  0
   37.3080   -0.0310   13.1950 C   0  0  0  0  0
   38.9800   -2.8730   14.6450 O   0  0  0  0  0
   39.3660   -0.3390   14.3730 O   0  0  0  0  0
   32.8550   -4.1020   12.2000 N   0  0  0  0  0
   34.2500   -3.7260   12.2920 C   0  0  0  0  0
   35.1830   -4.6670   12.9460 C   0  0  0  0  0
   34.6390   -2.2910   12.1950 C   0  0  0  0  0
   34.8210   -5.9500   12.9900 C   0  0  0  0  0
   32.4410   -5.5010   12.4420 C   0  0  0  0  0
   33.5660   -6.5720   12.4550 C   0  0  0  0  0
   37.9690   -2.2190   13.9660 C   0  0  0  0  0
   36.8400   -6.4760   14.1470 C   0  0  0  0  0
   30.8100   -3.7970   11.8770 H   0  0  0  0  0
   31.6900   -2.4130   12.6080 H   0  0  0  0  0
   31.9080   -2.7960   10.8670 H   0  0  0  0  0
   35.3240   -7.9610   13.6120 H   0  0  0  0  0
   38.1640   -4.8070   14.5300 H   0  0  0  0  0
   35.4350    0.0410   12.1740 H   0  0  0  0  0
   37.5030    1.0270   13.1020 H   0  0  0  0  0
   39.6550   -2.2490   14.8860 H   0  0  0  0  0
   39.8700   -1.0390   14.7710 H   0  0  0  0  0
   31.9380   -5.5350   13.4200 H   0  0  0  0  0
   31.7270   -5.7780   11.6530 H   0  0  0  0  0
   33.2680   -7.4130   13.0980 H   0  0  0  0  0
   33.7410   -6.9360   11.4320 H   0  0  0  0  0
   37.4920   -7.1910   14.6270 H   0  0  0  0  0
   34.6960   -2.0230   11.1300 H   0  0  0  0  0
   33.8570   -1.6900   12.6830 H   0  0  0  0  0
   34.5170   -3.9920   11.2580 H   0  0  0  0  0
  1  6  2  0  0  0
  2  3  2  0  0  0
  3  1  1  0  0  0
  3 19  1  0  0  0
  4 12  1  0  0  0
  4 21  1  0  0  0
  4 22  1  0  0  0
  4 23  1  0  0  0
  5 20  2  0  0  0
  5 24  1  0  0  0
  6 20  1  0  0  0
  6 25  1  0  0  0
  7  2  1  0  0  0
  7  9  2  0  0  0
  7 26  1  0  0  0
  8 19  2  0  0  0
  8 11  1  0  0  0
  9  8  1  0  0  0
  9 27  1  0  0  0
 10 28  1  0  0  0
 11 29  1  0  0  0
 12 13  1  0  0  0
 12 17  1  0  0  0
 13 14  1  0  0  0
 13 37  1  0  0  0
 14 16  2  0  0  0
 14  1  1  0  0  0
 15 13  1  0  0  0
 15  2  1  0  0  0
 15 35  1  0  0  0
 15 36  1  0  0  0
 16  5  1  0  0  0
 17 18  1  0  0  0
 17 30  1  0  0  0
 17 31  1  0  0  0
 18 16  1  0  0  0
 18 32  1  0  0  0
 18 33  1  0  0  0
 19 10  1  0  0  0
 20 34  1  0  0  0
M  END
$$$$
