RCX
  CCTOOLS-0923161124

 36 38  0  0  0  0  0  0  0  0999 V2000
   23.7420    2.8270   32.5550 C   0  0  0  0  0
   22.9030    1.6550   32.5670 C   0  0  0  0  0
   22.3460    1.5560   31.2810 C   0  0  0  0  0
   23.6210    3.3240   31.2380 C   0  0  0  0  0
   22.7970    2.5490   30.5370 O   0  0  0  0  0
   24.2740    4.4570   30.7300 O   0  0  0  0  0
   24.6050    3.4350   33.7050 C   0  0  0  0  0
   24.0890    3.5880   34.9890 C   0  0  0  0  0
   24.8760    4.1560   36.0170 C   0  0  0  0  0
   26.1760    4.5790   35.7670 C   0  0  0  0  0
   26.6950    4.4350   34.4860 C   0  0  0  0  0
   25.9090    3.8680   33.4630 C   0  0  0  0  0
   22.6060    0.7090   33.6960 C   0  0  0  0  0
   23.5720    0.2780   34.6000 C   0  0  0  0  0
   23.2120   -0.6080   35.6150 C   0  0  0  0  0
   21.8980   -1.0470   35.7150 C   0  0  0  0  0
   20.9470   -0.6130   34.8010 C   0  0  0  0  0
   21.3070    0.2590   33.7910 C   0  0  0  0  0
   21.3500   -2.1690   36.9780 S   0  0  0  0  0
   21.5990   -3.5970   36.5430 O   0  0  0  0  0
   19.8690   -1.9240   37.1890 O   0  0  0  0  0
   22.2010   -1.8860   38.5210 C   0  0  0  0  0
   21.2500    1.6150   31.3490 H   0  0  0  0  0
   23.0790    3.2700   35.2020 H   0  0  0  0  0
   24.4620    4.2620   37.0090 H   0  0  0  0  0
   26.7730    5.0130   36.5560 H   0  0  0  0  0
   27.7030    4.7580   34.2740 H   0  0  0  0  0
   26.3250    3.7670   32.4710 H   0  0  0  0  0
   24.5910    0.6260   34.5160 H   0  0  0  0  0
   23.9530   -0.9520   36.3210 H   0  0  0  0  0
   19.9260   -0.9570   34.8790 H   0  0  0  0  0
   20.5690    0.5880   33.0750 H   0  0  0  0  0
   21.8370   -2.5970   39.2770 H   0  0  0  0  0
   23.2820   -2.0280   38.3750 H   0  0  0  0  0
   22.0090   -0.8580   38.8620 H   0  0  0  0  0
   22.6340    0.5960   30.8280 H   0  0  0  0  0
  1  2  2  0  0  0
  1  7  1  0  0  0
  2 13  1  0  0  0
  3  2  1  0  0  0
  3 23  1  0  0  0
  3 36  1  0  0  0
  4  1  1  0  0  0
  5  4  1  0  0  0
  5  3  1  0  0  0
  6  4  2  0  0  0
  7  8  1  0  0  0
  8  9  2  0  0  0
  8 24  1  0  0  0
  9 25  1  0  0  0
 10  9  1  0  0  0
 10 26  1  0  0  0
 11 10  2  0  0  0
 11 27  1  0  0  0
 12  7  2  0  0  0
 12 11  1  0  0  0
 12 28  1  0  0  0
 13 18  2  0  0  0
 13 14  1  0  0  0
 14 15  2  0  0  0
 14 29  1  0  0  0
 15 16  1  0  0  0
 15 30  1  0  0  0
 16 19  1  0  0  0
 17 16  2  0  0  0
 17 31  1  0  0  0
 18 17  1  0  0  0
 18 32  1  0  0  0
 19 21  2  0  0  0
 19 22  1  0  0  0
 20 19  2  0  0  0
 22 33  1  0  0  0
 22 34  1  0  0  0
 22 35  1  0  0  0
M  END
$$$$
