C5U
  CCTOOLS-0607190954

 43 44  0  0  0  0  0  0  0  0999 V2000
  166.2010  193.0790  173.8500 C   0  0  0  0  0
  164.9950  193.6990  171.9500 C   0  0  0  0  0
  163.5680  194.4060  175.0670 C   0  0  0  0  0
  161.6070  193.9610  173.7390 C   0  0  0  0  0
  163.3700  195.7760  174.9000 C   0  0  0  0  0
  166.2710  190.2450  175.0430 C   0  0  0  0  0
  162.6980  194.0370  178.9770 O   0  0  0  0  0
  163.3230  194.4310  178.0560 C   0  0  0  0  0
  163.2760  195.7860  177.6860 O   0  0  0  0  0
  162.9190  196.6560  178.7380 C   0  0  0  0  0
  164.1980  193.4490  177.2680 C   0  0  0  0  0
  164.8140  192.2660  178.0050 C   0  0  0  0  0
  165.7040  191.3940  177.2750 N   0  0  0  0  0
  165.7020  191.4370  175.8370 C   0  0  0  0  0
  165.4140  192.7540  175.1290 C   0  0  0  0  0
  167.1430  192.4310  173.5580 O   0  0  0  0  0
  165.8000  194.1340  173.0250 O   0  0  0  0  0
  164.7580  193.8920  175.9130 C   0  0  0  0  0
  162.6830  193.5010  174.4930 C   0  0  0  0  0
  161.4170  195.3300  173.5690 C   0  0  0  0  0
  162.2950  196.2390  174.1510 C   0  0  0  0  0
  164.2930  196.7290  175.5120 N   0  3  0  0  0
  165.6520  196.4220  175.6140 O   0  5  0  0  0
  163.8930  197.7560  175.9200 O   0  0  0  0  0
  164.1100  191.7420  179.2670 C   0  0  0  0  0
  164.7070  194.5630  171.3340 H   0  0  0  0  0
  165.5600  192.9820  171.3360 H   0  0  0  0  0
  164.0910  193.2120  172.3430 H   0  0  0  0  0
  160.9220  193.2590  173.2870 H   0  0  0  0  0
  166.4120  189.3880  175.7180 H   0  0  0  0  0
  165.5690  189.9690  174.2430 H   0  0  0  0  0
  167.2380  190.5270  174.6010 H   0  0  0  0  0
  162.9050  197.6920  178.3690 H   0  0  0  0  0
  161.9210  196.3870  179.1130 H   0  0  0  0  0
  163.6530  196.5670  179.5520 H   0  0  0  0  0
  166.3130  190.7690  177.7620 H   0  0  0  0  0
  165.4820  194.7070  176.0600 H   0  0  0  0  0
  162.8300  192.4400  174.6320 H   0  0  0  0  0
  160.5840  195.6880  172.9820 H   0  0  0  0  0
  162.1420  197.3000  174.0210 H   0  0  0  0  0
  164.6760  190.8930  179.6770 H   0  0  0  0  0
  164.0580  192.5450  180.0170 H   0  0  0  0  0
  163.0920  191.4140  179.0090 H   0  0  0  0  0
  1 15  1  0  0  0
  2 17  1  0  0  0
  2 26  1  0  0  0
  2 27  1  0  0  0
  2 28  1  0  0  0
  3 18  1  0  0  0
  4 19  2  0  0  0
  4 29  1  0  0  0
  5  3  2  0  0  0
  5 22  1  0  0  0
  6 14  1  0  0  0
  6 30  1  0  0  0
  6 31  1  0  0  0
  6 32  1  0  0  0
  8  7  2  0  0  0
  9  8  1  0  0  0
  9 10  1  0  0  0
 10 33  1  0  0  0
 10 34  1  0  0  0
 10 35  1  0  0  0
 11 12  2  0  0  0
 11  8  1  0  0  0
 12 25  1  0  0  0
 13 12  1  0  0  0
 13 36  1  0  0  0
 14 13  1  0  0  0
 15 14  2  0  0  0
 15 18  1  0  0  0
 16  1  2  0  0  0
 17  1  1  0  0  0
 18 11  1  0  0  0
 18 37  1  0  0  0
 19  3  1  0  0  0
 19 38  1  0  0  0
 20  4  1  0  0  0
 20 21  2  0  0  0
 20 39  1  0  0  0
 21  5  1  0  0  0
 21 40  1  0  0  0
 22 23  1  0  0  0
 22 24  2  0  0  0
 25 41  1  0  0  0
 25 42  1  0  0  0
 25 43  1  0  0  0
M  CHG  1  22   1
M  CHG  1  23  -1
M  END
$$$$
