Z80
  -ISIS-            3D

 40 42  0  0  0  0  0  0  0  0  0
   11.9840   15.2940   53.7220 C   0  0  0  0  0
   13.3370   15.0720   53.3120 N   0  0  0  0  0
   12.7820   15.5080   56.2720 S   0  0  0  0  0
   11.6170   15.5080   55.0530 C   0  0  0  0  0
   13.2220   17.6110   49.5360 N   0  0  0  0  0
   14.2980   15.2200   55.5880 C   0  0  0  0  0
   14.4520   15.0290   54.2120 C   0  0  0  0  0
    9.6370   15.5270   53.1070 C   0  0  0  0  0
    9.2900   15.7380   54.4360 C   0  0  0  0  0
   10.2850   15.7280   55.4070 C   0  0  0  0  0
   15.3940   15.1820   56.4460 C   0  0  0  0  0
   16.6750   14.9520   55.9660 C   0  0  0  0  0
   16.8540   14.7600   54.6040 C   0  0  0  0  0
   15.7550   14.7970   53.7370 C   0  0  0  0  0
   13.5660   14.8610   51.8710 C   0  0  0  0  0
   14.1770   16.0800   51.1690 C   0  0  0  0  0
   13.1630   17.2010   50.9360 C   0  0  0  0  0
   13.9560   18.8120   49.1620 C   0  0  0  0  0
   12.5210   16.8500   48.5090 C   0  0  0  0  0
   18.5200   14.4670   53.9970 CL  0  0  0  0  0
    8.8430   15.5480   52.3750 H   0  0  0  0  0
    8.2600   15.9080   54.7110 H   0  0  0  0  0
   15.2440   15.3340   57.5050 H   0  0  0  0  0
   17.5180   14.9230   56.6410 H   0  0  0  0  0
   15.9120   14.6440   52.6790 H   0  0  0  0  0
   14.2580   14.0140   51.7530 H   0  0  0  0  0
   12.5980   14.6410   51.3980 H   0  0  0  0  0
   14.9890   16.4720   51.7990 H   0  0  0  0  0
   14.5680   15.7580   50.1930 H   0  0  0  0  0
   13.4040   18.0580   51.5830 H   0  0  0  0  0
   12.1510   16.8400   51.1730 H   0  0  0  0  0
   13.8890   18.9590   48.0740 H   0  0  0  0  0
   13.5220   19.6820   49.6770 H   0  0  0  0  0
   15.0110   18.7020   49.4530 H   0  0  0  0  0
   12.6880   17.3170   47.5270 H   0  0  0  0  0
   12.9020   15.8180   48.4930 H   0  0  0  0  0
   11.4440   16.8400   48.7310 H   0  0  0  0  0
   10.8590   15.3030   52.6710 C   0  0  0  0  0
   10.0250   15.8920   56.4420 H   0  0  0  0  0
   11.0630   15.1330   51.6240 H   0  0  0  0  0
  1 38  1  0  0  0
  2  1  1  0  0  0
  2  7  1  0  0  0
  4  1  2  0  0  0
  4  3  1  0  0  0
  5 17  1  0  0  0
  6  3  1  0  0  0
  6 11  1  0  0  0
  7  6  2  0  0  0
  8  9  1  0  0  0
  8 21  1  0  0  0
  8 38  2  0  0  0
  9 10  2  0  0  0
  9 22  1  0  0  0
 10  4  1  0  0  0
 10 39  1  0  0  0
 11 23  1  0  0  0
 12 11  2  0  0  0
 12 24  1  0  0  0
 13 12  1  0  0  0
 14  7  1  0  0  0
 14 13  2  0  0  0
 14 25  1  0  0  0
 15  2  1  0  0  0
 15 26  1  0  0  0
 15 27  1  0  0  0
 16 15  1  0  0  0
 16 28  1  0  0  0
 16 29  1  0  0  0
 17 16  1  0  0  0
 17 30  1  0  0  0
 17 31  1  0  0  0
 18  5  1  0  0  0
 18 32  1  0  0  0
 18 33  1  0  0  0
 18 34  1  0  0  0
 19  5  1  0  0  0
 19 35  1  0  0  0
 19 36  1  0  0  0
 19 37  1  0  0  0
 20 13  1  0  0  0
 38 40  1  0  0  0
M  END
$$$$
