YMZ
  CCTOOLS-0224171045

 42 44  0  0  1  0  0  0  0  0999 V2000
  298.5040  142.7580  200.0690 F   0  0  0  0  0
  297.3540  143.3680  200.0310 C   0  0  0  0  0
  297.5150  144.5030  200.4440 F   0  0  0  0  0
  296.5780  142.7890  200.7630 F   0  0  0  0  0
  296.8270  143.2930  198.7610 C   0  0  0  0  0
  296.2640  144.3960  198.1240 C   0  0  0  0  0
  295.7330  144.3180  196.8580 C   0  0  0  0  0
  295.7560  143.0960  196.2310 C   0  0  0  0  0
  296.3020  141.9730  196.8510 C   0  0  0  0  0
  296.8450  142.0650  198.1230 C   0  0  0  0  0
  297.3620  140.9950  198.7210 N   0  0  0  0  0
  297.3930  139.8150  198.1380 C   0  0  0  0  0
  297.9510  138.7950  198.8710 C   0  0  0  0  0
  297.4400  137.6980  198.5560 F   0  0  0  0  0
  299.2330  138.7670  198.6720 F   0  0  0  0  0
  297.7210  139.0000  200.0560 F   0  0  0  0  0
  296.8780  139.6580  196.8650 C   0  0  0  0  0
  296.3340  140.7460  196.2120 C   0  0  0  0  0
  295.8000  140.5700  194.9560 C   0  0  0  0  0
  294.4450  140.9630  195.0890 O   0  0  0  0  0
  296.4480  141.5030  193.9550 C   0  0  0  0  0
  296.1060  140.9760  192.5770 C   0  0  0  0  0
  296.7140  141.8560  191.5200 C   0  0  0  0  0
  298.2010  141.9410  191.7480 C   0  0  0  0  0
  298.4590  142.4880  193.1390 C   0  0  0  0  0
  297.8990  141.5890  194.1480 N   0  0  0  0  0
  296.2440  145.3440  198.6410 H   0  0  0  0  0
  295.3130  145.1870  196.3740 H   0  0  0  0  0
  295.3430  143.0030  195.2380 H   0  0  0  0  0
  296.9010  138.6910  196.3850 H   0  0  0  0  0
  295.8850  139.5290  194.6110 H   0  0  0  0  0
  294.0100  140.3940  195.7130 H   0  0  0  0  0
  296.0060  142.5040  194.0690 H   0  0  0  0  0
  295.0130  140.9620  192.4540 H   0  0  0  0  0
  296.5000  139.9540  192.4700 H   0  0  0  0  0
  296.2740  142.8620  191.5800 H   0  0  0  0  0
  296.5170  141.4280  190.5260 H   0  0  0  0  0
  298.6450  140.9390  191.6580 H   0  0  0  0  0
  298.6510  142.6100  191.0000 H   0  0  0  0  0
  299.5440  142.5810  193.2970 H   0  0  0  0  0
  297.9880  143.4780  193.2330 H   0  0  0  0  0
  298.3050  140.6800  194.0500 H   0  0  0  0  0
  2  1  1  0  0  0
  2  3  1  0  0  0
  2  4  1  0  0  0
  5  2  1  0  0  0
  6  5  2  0  0  0
  6 27  1  0  0  0
  7  6  1  0  0  0
  7 28  1  0  0  0
  8  9  1  0  0  0
  8  7  2  0  0  0
  8 29  1  0  0  0
  9 10  1  0  0  0
 10 11  2  0  0  0
 10  5  1  0  0  0
 12 11  1  0  0  0
 12 13  1  0  0  0
 13 16  1  0  0  0
 14 13  1  0  0  0
 15 13  1  0  0  0
 17 12  2  0  0  0
 17 30  1  0  0  0
 18  9  2  0  0  0
 18 17  1  0  0  0
 19 20  1  0  0  0
 19 18  1  0  0  0
 19 31  1  0  0  0
 20 32  1  0  0  0
 21 26  1  0  0  0
 21 19  1  0  0  0
 21 33  1  0  0  0
 22 21  1  0  0  0
 22 34  1  0  0  0
 22 35  1  0  0  0
 23 24  1  0  0  0
 23 22  1  0  0  0
 23 36  1  0  0  0
 23 37  1  0  0  0
 24 25  1  0  0  0
 24 38  1  0  0  0
 24 39  1  0  0  0
 25 26  1  0  0  0
 25 40  1  0  0  0
 25 41  1  0  0  0
 26 42  1  0  0  0
M  END
$$$$
