SRE
  -ISIS-            3D

 37 39  0  0  0  0  0  0  0  0  0
   29.1850   25.6670   20.9190 CL  0  0  0  0  0
   28.3210   24.3370   21.7520 C   0  0  0  0  0
   27.9210   23.2600   20.9910 C   0  0  0  0  0
   28.3030   23.2900   19.2480 CL  0  0  0  0  0
   28.0540   24.3680   23.1210 C   0  0  0  0  0
   27.3770   23.2940   23.7040 C   0  0  0  0  0
   26.9760   22.1970   22.9280 C   0  0  0  0  0
   27.2470   22.1830   21.5630 C   0  0  0  0  0
   26.2490   21.0360   23.5120 C   0  0  0  0  0
   27.0520   20.2860   24.5290 C   0  0  0  0  0
   28.4180   20.0890   24.2980 C   0  0  0  0  0
   29.2060   19.3810   25.2020 C   0  0  0  0  0
   28.6320   18.8660   26.3580 C   0  0  0  0  0
   27.2720   19.0520   26.5970 C   0  0  0  0  0
   26.4740   19.7550   25.6930 C   0  0  0  0  0
   25.0260   19.9110   26.0190 C   0  0  0  0  0
   24.8540   20.8810   27.0950 N   0  0  0  0  0
   23.5360   21.1370   27.6580 C   0  0  0  0  0
   24.2260   20.3160   24.7800 C   0  0  0  0  0
   24.8970   21.4840   24.0700 C   0  0  0  0  0
   28.3660   25.2100   23.7210 H   0  0  0  0  0
   27.1610   23.3090   24.7620 H   0  0  0  0  0
   26.9380   21.3460   20.9540 H   0  0  0  0  0
   26.0730   20.3200   22.6960 H   0  0  0  0  0
   28.8690   20.4930   23.4040 H   0  0  0  0  0
   30.2580   19.2330   25.0060 H   0  0  0  0  0
   29.2380   18.3240   27.0690 H   0  0  0  0  0
   26.8290   18.6460   27.4950 H   0  0  0  0  0
   24.6390   18.9400   26.3610 H   0  0  0  0  0
   23.6110   21.2020   28.7540 H   0  0  0  0  0
   23.1460   22.0860   27.2610 H   0  0  0  0  0
   24.1700   19.4600   24.0920 H   0  0  0  0  0
   23.2160   20.6210   25.0920 H   0  0  0  0  0
   25.0500   22.3070   24.7840 H   0  0  0  0  0
   24.2560   21.8270   23.2440 H   0  0  0  0  0
   25.4170   20.5520   27.8530 H   0  0  0  0  0
   22.8550   20.3170   27.3850 H   0  0  0  0  0
  1  2  1  0  0  0
  2  5  1  0  0  0
  3  2  2  0  0  0
  3  8  1  0  0  0
  4  3  1  0  0  0
  5  6  2  0  0  0
  5 21  1  0  0  0
  6 22  1  0  0  0
  7  6  1  0  0  0
  7  9  1  0  0  0
  8  7  2  0  0  0
  8 23  1  0  0  0
  9 20  1  0  0  0
  9 10  1  0  0  0
  9 24  1  0  0  0
 10 15  1  0  0  0
 11 10  2  0  0  0
 11 12  1  0  0  0
 11 25  1  0  0  0
 12 13  2  0  0  0
 12 26  1  0  0  0
 13 14  1  0  0  0
 13 27  1  0  0  0
 14 28  1  0  0  0
 15 14  2  0  0  0
 15 16  1  0  0  0
 16 17  1  0  0  0
 16 29  1  0  0  0
 17 18  1  0  0  0
 17 36  1  0  0  0
 18 30  1  0  0  0
 18 31  1  0  0  0
 18 37  1  0  0  0
 19 16  1  0  0  0
 19 32  1  0  0  0
 19 33  1  0  0  0
 20 19  1  0  0  0
 20 34  1  0  0  0
 20 35  1  0  0  0
M  END
$$$$
