9F2
  CCTOOLS-0609171047

 54 57  0  0  1  0  0  0  0  0999 V2000
    7.4700   19.9620   20.7290 C   0  0  0  0  0
    8.6030   19.9510   22.0220 S   0  0  0  0  0
    7.4590   19.6630   23.3830 C   0  0  0  0  0
    6.2050   18.8830   23.0390 C   0  0  0  0  0
    5.8790   17.9310   24.1670 C   0  0  0  0  0
    5.3040   18.8170   25.6660 S   0  0  0  0  0
    6.3320   18.2300   26.9580 C   0  0  0  0  0
    6.6210   16.9640   27.0560 N   0  0  0  0  0
    7.4130   16.5040   28.0870 C   0  0  0  0  0
    7.6350   15.2800   28.1070 O   0  0  0  0  0
    7.9160   17.3540   29.0510 C   0  0  0  0  0
    8.6190   16.9580   29.9670 O   0  0  0  0  0
    7.6050   18.6930   28.9550 N   0  0  0  0  0
    6.7880   19.1430   27.8790 N   0  0  0  0  0
    6.4880   20.5800   27.8210 C   0  0  0  0  0
    5.4840   19.0760   21.9140 C   0  0  0  0  0
    6.1230   19.6890   20.8170 N   0  0  0  0  0
    5.8700   20.2330   19.5420 C   0  0  0  0  0
    4.8490   20.5480   18.9680 O   0  0  0  0  0
    7.3870   20.2850   19.2340 C   0  0  0  0  0
    8.0950   21.4890   18.8430 N   0  0  0  0  0
    7.8220   22.7260   19.3010 C   0  0  0  0  0
    6.7990   23.0050   19.9250 O   0  0  0  0  0
    8.8050   23.8360   19.0380 C   0  0  0  0  0
   10.0680   23.7240   19.2540 N   0  0  0  0  0
   10.6050   24.8730   19.8690 O   0  0  0  0  0
   11.5690   25.4930   19.0070 C   0  0  0  0  0
    8.2690   25.0010   18.3100 C   0  0  0  0  0
    8.4170   26.2900   18.6820 C   0  0  0  0  0
    7.8470   27.3350   17.4350 S   0  0  0  0  0
    7.4340   25.9250   16.4950 C   0  0  0  0  0
    7.0520   26.0330   15.2050 N   0  0  0  0  0
    7.5390   24.7980   17.1510 N   0  0  0  0  0
    4.0230   18.7030   21.6840 C   0  0  0  0  0
    3.6690   18.4130   20.5220 O   0  0  0  0  0
    3.2560   18.7220   22.6690 O   0  0  0  0  0
    7.6890   18.9070   20.5070 H   0  0  0  0  0
    7.9980   19.1070   24.1650 H   0  0  0  0  0
    7.1500   20.6430   23.7760 H   0  0  0  0  0
    5.0870   17.2440   23.8350 H   0  0  0  0  0
    6.7820   17.3550   24.4190 H   0  0  0  0  0
    7.9490   19.3420   29.6340 H   0  0  0  0  0
    6.9680   21.0900   28.6690 H   0  0  0  0  0
    6.8720   20.9970   26.8780 H   0  0  0  0  0
    5.3990   20.7300   27.8720 H   0  0  0  0  0
    7.6880   19.4160   18.6300 H   0  0  0  0  0
    8.8410   21.3940   18.1840 H   0  0  0  0  0
   11.9800   26.3870   19.4990 H   0  0  0  0  0
   12.3830   24.7840   18.7970 H   0  0  0  0  0
   11.0840   25.7840   18.0640 H   0  0  0  0  0
    8.8320   26.6190   19.6230 H   0  0  0  0  0
    6.8640   25.1230   14.8350 H   0  0  0  0  0
    6.2250   26.5930   15.1480 H   0  0  0  0  0
    2.3790   18.4840   22.3920 H   0  0  0  0  0
  1 17  1  0  0  0
  1  2  1  0  0  0
  1 37  1  0  0  0
  2  3  1  0  0  0
  3 38  1  0  0  0
  3 39  1  0  0  0
  4  3  1  0  0  0
  4  5  1  0  0  0
  5  6  1  0  0  0
  5 40  1  0  0  0
  5 41  1  0  0  0
  6  7  1  0  0  0
  7  8  2  0  0  0
  7 14  1  0  0  0
  8  9  1  0  0  0
  9 10  2  0  0  0
  9 11  1  0  0  0
 11 12  2  0  0  0
 13 11  1  0  0  0
 13 42  1  0  0  0
 14 13  1  0  0  0
 15 14  1  0  0  0
 15 43  1  0  0  0
 15 44  1  0  0  0
 15 45  1  0  0  0
 16  4  2  0  0  0
 17 16  1  0  0  0
 18 17  1  0  0  0
 19 18  2  0  0  0
 20 18  1  0  0  0
 20  1  1  0  0  0
 20 46  1  0  0  0
 21 20  1  0  0  0
 21 22  1  0  0  0
 21 47  1  0  0  0
 22 23  2  0  0  0
 24 25  2  0  0  0
 24 22  1  0  0  0
 25 26  1  0  0  0
 27 26  1  0  0  0
 27 48  1  0  0  0
 27 49  1  0  0  0
 27 50  1  0  0  0
 28 29  2  0  0  0
 28 24  1  0  0  0
 29 51  1  0  0  0
 30 29  1  0  0  0
 31 33  2  0  0  0
 31 30  1  0  0  0
 32 31  1  0  0  0
 32 52  1  0  0  0
 32 53  1  0  0  0
 33 28  1  0  0  0
 34 16  1  0  0  0
 34 36  1  0  0  0
 35 34  2  0  0  0
 36 54  1  0  0  0
M  END
$$$$
