29E
  CCTOOLS-1011131036

 40 42  0  0  1  0  0  0  0  0999 V2000
  179.0310  -12.1730  183.0910 C   0  0  0  0  0
  177.9270  -11.2860  183.4050 N   0  0  0  0  0
  176.7320  -11.2960  182.5720 C   0  0  0  0  0
  176.6940  -12.5740  181.7420 C   0  0  0  0  0
  176.0650  -12.3230  180.3920 C   0  0  0  0  0
  175.7120  -13.6440  179.8340 C   0  0  0  0  0
  176.0280  -14.1370  178.2160 S   0  0  0  0  0
  175.3360  -15.7160  178.4410 C   0  0  0  0  0
  174.8920  -15.7860  179.7680 C   0  0  0  0  0
  175.0950  -14.6420  180.5620 C   0  0  0  0  0
  174.8880  -11.5790  180.6630 O   0  0  0  0  0
  174.2890  -10.8780  179.6630 C   0  0  0  0  0
  172.8070  -10.7990  179.5820 C   0  0  0  0  0
  171.9700  -11.4250  180.4950 C   0  0  0  0  0
  170.5930  -11.2900  180.3190 C   0  0  0  0  0
  170.0340  -10.5520  179.2710 C   0  0  0  0  0
  170.8390   -9.9140  178.3350 C   0  0  0  0  0
  172.2170  -10.0180  178.4650 C   0  0  0  0  0
  173.0670   -9.4020  177.5560 C   0  0  0  0  0
  174.4550   -9.5060  177.6780 C   0  0  0  0  0
  175.0630  -10.2270  178.7090 C   0  0  0  0  0
  179.8390  -12.0270  183.8230 H   0  0  0  0  0
  178.6850  -13.2170  183.1300 H   0  0  0  0  0
  179.4060  -11.9490  182.0810 H   0  0  0  0  0
  178.2890  -10.3540  183.3820 H   0  0  0  0  0
  176.7470  -10.4250  181.9010 H   0  0  0  0  0
  175.8390  -11.2500  183.2130 H   0  0  0  0  0
  176.1060  -13.3340  182.2780 H   0  0  0  0  0
  177.7210  -12.9400  181.5980 H   0  0  0  0  0
  176.7580  -11.7810  179.7320 H   0  0  0  0  0
  175.2620  -16.4960  177.6980 H   0  0  0  0  0
  174.4180  -16.6730  180.1620 H   0  0  0  0  0
  174.8070  -14.5560  181.5990 H   0  0  0  0  0
  172.3730  -11.9990  181.3160 H   0  0  0  0  0
  169.9310  -11.7750  181.0210 H   0  0  0  0  0
  168.9600  -10.4770  179.1880 H   0  0  0  0  0
  170.4020   -9.3500  177.5240 H   0  0  0  0  0
  172.6480   -8.8320  176.7400 H   0  0  0  0  0
  175.0800   -9.0110  176.9490 H   0  0  0  0  0
  176.1400  -10.2790  178.7650 H   0  0  0  0  0
  1  2  1  0  0  0
  1 22  1  0  0  0
  1 23  1  0  0  0
  1 24  1  0  0  0
  2 25  1  0  0  0
  3  2  1  0  0  0
  3 26  1  0  0  0
  3 27  1  0  0  0
  4  3  1  0  0  0
  4 28  1  0  0  0
  4 29  1  0  0  0
  5 11  1  0  0  0
  5  4  1  0  0  0
  5 30  1  0  0  0
  6  5  1  0  0  0
  6 10  2  0  0  0
  7  8  1  0  0  0
  7  6  1  0  0  0
  8  9  2  0  0  0
  8 31  1  0  0  0
  9 10  1  0  0  0
  9 32  1  0  0  0
 10 33  1  0  0  0
 12 11  1  0  0  0
 13 12  1  0  0  0
 13 14  2  0  0  0
 14 34  1  0  0  0
 15 14  1  0  0  0
 15 35  1  0  0  0
 16 15  2  0  0  0
 16 36  1  0  0  0
 17 18  2  0  0  0
 17 16  1  0  0  0
 17 37  1  0  0  0
 18 13  1  0  0  0
 19 20  2  0  0  0
 19 18  1  0  0  0
 19 38  1  0  0  0
 20 21  1  0  0  0
 20 39  1  0  0  0
 21 12  2  0  0  0
 21 40  1  0  0  0
M  END
$$$$
