GM4
  CCTOOLS-1012180955

 48 50  0  0  1  0  0  0  0  0999 V2000
   12.3270   39.0010  -34.5900 C   0  0  0  0  0
    9.8880   39.8540  -34.6940 C   0  0  0  0  0
    9.6840   39.0260  -33.2890 C   0  0  0  0  0
   10.6970   38.1490  -32.8310 C   0  0  0  0  0
    8.5060   39.1890  -32.5530 C   0  0  0  0  0
   12.0090   37.9350  -33.6200 C   0  0  0  0  0
   13.1640   37.7360  -32.6360 C   0  0  0  0  0
   11.8310   36.7050  -34.4040 C   0  0  0  0  0
   10.7890   36.8720  -35.5460 C   0  0  0  0  0
   12.7190   40.3550  -33.8060 C   0  0  0  0  0
   11.1980   39.2740  -35.5170 C   0  0  0  0  0
   10.5160   37.4390  -31.6340 C   0  0  0  0  0
    9.3430   37.6060  -30.9000 C   0  0  0  0  0
    8.3330   38.4780  -31.3640 C   0  0  0  0  0
    9.8200   38.2410  -36.8860 C   0  0  0  0  0
    9.9910   39.1320  -38.1170 C   0  0  0  0  0
    8.9340   39.5950  -38.7610 C   0  0  0  0  0
    7.5230   39.2450  -38.2830 C   0  0  0  0  0
    9.1140   40.4880  -39.9900 C   0  0  0  0  0
   10.8530   38.0980  -36.2930 N   0  0  0  0  0
    9.1640   36.8910  -29.7110 O   0  0  0  0  0
   13.2050   38.6980  -35.1790 H   0  0  0  0  0
   10.0440   40.9190  -34.4680 H   0  0  0  0  0
    8.9880   39.7390  -35.3170 H   0  0  0  0  0
    7.7350   39.8600  -32.9020 H   0  0  0  0  0
   12.9060   36.9390  -31.9240 H   0  0  0  0  0
   14.0720   37.4540  -33.1890 H   0  0  0  0  0
   13.3440   38.6730  -32.0880 H   0  0  0  0  0
   11.4910   35.9040  -33.7310 H   0  0  0  0  0
   12.7980   36.4260  -34.8470 H   0  0  0  0  0
    9.7870   36.8050  -35.0980 H   0  0  0  0  0
   10.9310   36.0410  -36.2530 H   0  0  0  0  0
   13.5550   40.1530  -33.1200 H   0  0  0  0  0
   13.0190   41.1250  -34.5320 H   0  0  0  0  0
   11.8510   40.7100  -33.2320 H   0  0  0  0  0
   11.5070   40.0730  -36.2080 H   0  0  0  0  0
   11.2830   36.7650  -31.2830 H   0  0  0  0  0
    7.4220   38.5950  -30.7960 H   0  0  0  0  0
    9.0830   38.7020  -36.2120 H   0  0  0  0  0
    9.4550   37.2550  -37.2080 H   0  0  0  0  0
   10.9830   39.3850  -38.4630 H   0  0  0  0  0
    7.5860   38.6000  -37.3940 H   0  0  0  0  0
    6.9830   40.1690  -38.0280 H   0  0  0  0  0
    6.9860   38.7150  -39.0830 H   0  0  0  0  0
   10.1870   40.6320  -40.1850 H   0  0  0  0  0
    8.6440   40.0100  -40.8620 H   0  0  0  0  0
    8.6410   41.4640  -39.8070 H   0  0  0  0  0
    8.3220   37.1120  -29.3320 H   0  0  0  0  0
  1 10  1  0  0  0
  1  6  1  0  0  0
  1 22  1  0  0  0
  2  3  1  0  0  0
  2 23  1  0  0  0
  2 24  1  0  0  0
  3  4  2  0  0  0
  3  5  1  0  0  0
  4 12  1  0  0  0
  5 14  2  0  0  0
  5 25  1  0  0  0
  6  4  1  0  0  0
  6  7  1  0  0  0
  7 26  1  0  0  0
  7 27  1  0  0  0
  7 28  1  0  0  0
  8  6  1  0  0  0
  8 29  1  0  0  0
  8 30  1  0  0  0
  9  8  1  0  0  0
  9 31  1  0  0  0
  9 32  1  0  0  0
 10 33  1  0  0  0
 10 34  1  0  0  0
 10 35  1  0  0  0
 11  2  1  0  0  0
 11  1  1  0  0  0
 11 36  1  0  0  0
 12 13  2  0  0  0
 12 37  1  0  0  0
 13 21  1  0  0  0
 14 13  1  0  0  0
 14 38  1  0  0  0
 15 20  1  0  0  0
 15 39  1  0  0  0
 15 40  1  0  0  0
 16 15  1  0  0  0
 16 41  1  0  0  0
 17 18  1  0  0  0
 17 16  2  0  0  0
 18 42  1  0  0  0
 18 43  1  0  0  0
 18 44  1  0  0  0
 19 17  1  0  0  0
 19 45  1  0  0  0
 19 46  1  0  0  0
 19 47  1  0  0  0
 20  9  1  0  0  0
 20 11  1  0  0  0
 21 48  1  0  0  0
M  END
$$$$
