XRA
  -ISIS-            3D

 49 52  0  0  0  0  0  0  0  0  0
   -5.9320   -5.3530  -14.1110 N   0  0  0  0  0
   -4.9060   -9.8510  -15.2270 O   0  0  0  0  0
   -5.1470   -6.2530  -14.7510 C   0  0  0  0  0
   -4.6330   -3.5180  -14.9020 N   0  0  0  0  0
   -2.6570   -9.0080  -16.7910 O   0  0  0  0  0
   -3.9920   -5.7820  -15.5560 C   0  0  0  0  0
   -2.7530   -3.7880  -16.2970 N   0  0  0  0  0
  -10.4380   -2.0920  -10.8600 O   0  0  0  0  0
   -3.7810   -4.3140  -15.5930 C   0  0  0  0  0
   -6.5330   -3.1470  -13.4950 N   0  0  0  0  0
   -9.2820    0.9520  -11.2810 O   0  0  0  0  0
   -8.6340   -1.9280  -12.1640 N   0  0  0  0  0
   -5.6800   -4.0170  -14.1880 C   0  0  0  0  0
   -5.4130   -7.6070  -14.6660 C   0  0  0  0  0
   -4.6030   -8.5190  -15.3330 C   0  0  0  0  0
   -3.4320   -8.0590  -16.1470 C   0  0  0  0  0
   -3.1700   -6.6870  -16.2350 C   0  0  0  0  0
   -6.2680  -10.2680  -15.3720 C   0  0  0  0  0
   -1.4430   -8.7370  -17.5030 C   0  0  0  0  0
   -6.6900   -3.3010  -12.0550 C   0  0  0  0  0
   -8.2010   -3.2930  -11.8580 C   0  0  0  0  0
   -7.8160   -1.1670  -13.1200 C   0  0  0  0  0
   -7.2790   -2.1060  -14.1990 C   0  0  0  0  0
   -9.7250   -1.4150  -11.5830 C   0  0  0  0  0
  -10.1200    0.0080  -11.8060 C   0  0  0  0  0
   -9.9080    2.2430  -11.6480 C   0  0  0  0  0
  -11.0620    1.9620  -12.3540 C   0  0  0  0  0
  -11.2000    0.5890  -12.4540 C   0  0  0  0  0
   -2.7600   -2.7920  -16.2050 H   0  0  0  0  0
   -1.8890   -4.1490  -15.9450 H   0  0  0  0  0
   -6.2510   -7.9570  -14.0810 H   0  0  0  0  0
   -2.3380   -6.3290  -16.8240 H   0  0  0  0  0
   -6.3320  -11.3600  -15.2590 H   0  0  0  0  0
   -6.8840   -9.7830  -14.6000 H   0  0  0  0  0
   -6.6350   -9.9810  -16.3680 H   0  0  0  0  0
   -1.0400   -9.6750  -17.9130 H   0  0  0  0  0
   -1.6490   -8.0360  -18.3260 H   0  0  0  0  0
   -0.7080   -8.2910  -16.8170 H   0  0  0  0  0
   -6.2420   -4.2400  -11.6990 H   0  0  0  0  0
   -6.2080   -2.4780  -11.5070 H   0  0  0  0  0
   -8.4600   -3.5610  -10.8230 H   0  0  0  0  0
   -8.6850   -4.0150  -12.5310 H   0  0  0  0  0
   -8.4330   -0.3860  -13.5890 H   0  0  0  0  0
   -6.9730   -0.7000  -12.5890 H   0  0  0  0  0
   -6.6230   -1.5620  -14.8940 H   0  0  0  0  0
   -8.1060   -2.5450  -14.7770 H   0  0  0  0  0
   -9.5310    3.2260  -11.4070 H   0  0  0  0  0
  -11.7440    2.6940  -12.7610 H   0  0  0  0  0
  -12.0040    0.0640  -12.9480 H   0  0  0  0  0
  1  3  2  0  0  0
  1 13  1  0  0  0
  2 15  1  0  0  0
  2 18  1  0  0  0
  3  6  1  0  0  0
  3 14  1  0  0  0
  4  9  1  0  0  0
  4 13  2  0  0  0
  5 16  1  0  0  0
  5 19  1  0  0  0
  6  9  2  0  0  0
  6 17  1  0  0  0
  7  9  1  0  0  0
  7 29  1  0  0  0
  7 30  1  0  0  0
  8 24  2  0  0  0
 10 13  1  0  0  0
 10 20  1  0  0  0
 10 23  1  0  0  0
 11 25  1  0  0  0
 11 26  1  0  0  0
 12 21  1  0  0  0
 12 22  1  0  0  0
 12 24  1  0  0  0
 14 15  2  0  0  0
 14 31  1  0  0  0
 15 16  1  0  0  0
 16 17  2  0  0  0
 17 32  1  0  0  0
 18 33  1  0  0  0
 18 34  1  0  0  0
 18 35  1  0  0  0
 19 36  1  0  0  0
 19 37  1  0  0  0
 19 38  1  0  0  0
 20 21  1  0  0  0
 20 39  1  0  0  0
 20 40  1  0  0  0
 21 41  1  0  0  0
 21 42  1  0  0  0
 22 23  1  0  0  0
 22 43  1  0  0  0
 22 44  1  0  0  0
 23 45  1  0  0  0
 23 46  1  0  0  0
 24 25  1  0  0  0
 25 28  2  0  0  0
 26 27  2  0  0  0
 26 47  1  0  0  0
 27 28  1  0  0  0
 27 48  1  0  0  0
 28 49  1  0  0  0
M  END
$$$$
