P1B
  CCTOOLS-1118111150

 45 47  0  0  1  0  0  0  0  0999 V2000
   14.8610    3.9640   37.9550 O   0  0  0  0  0
   13.9370    4.3360   38.6500 C   0  0  0  0  0
   13.1740    5.4010   38.4370 N   0  0  0  0  0
   13.5170    3.6370   39.9050 C   0  0  0  0  0
   13.0360    4.9970   40.9380 S   0  0  0  0  0
   12.5990    5.8240   39.5590 C   0  0  0  0  0
   11.8040    6.7430   39.6140 O   0  0  0  0  0
   14.5910    2.6860   40.4420 C   0  0  0  0  0
   14.2940    7.0420   49.7580 C   0  0  0  0  0
   14.6060    2.6130   41.9490 C   0  0  0  0  0
   15.8350    2.6410   42.6020 C   0  0  0  0  0
   15.8990    2.5820   43.9840 C   0  0  0  0  0
   14.7230    2.4970   44.7160 C   0  0  0  0  0
   13.4880    2.4610   44.0620 C   0  0  0  0  0
   13.4230    2.5140   42.6770 C   0  0  0  0  0
   14.8140    2.4070   46.0500 O   0  0  0  0  0
   15.5260    3.3370   46.8760 C   0  0  0  0  0
   14.5880    3.6730   48.0120 C   0  0  0  0  0
   17.4510    9.0200   50.1000 C   0  0  0  0  0
   15.9280    8.9610   49.9620 C   0  0  0  0  0
   15.5670    7.5670   49.5120 C   0  0  0  0  0
   16.4390    6.7680   48.8290 C   0  0  0  0  0
   16.0860    5.5430   48.4060 N   0  0  0  0  0
   13.9450    5.7940   49.2790 C   0  0  0  0  0
   14.8670    5.0290   48.5990 C   0  0  0  0  0
   13.0470    5.8320   37.5440 H   0  0  0  0  0
   12.6880    2.9220   39.7950 H   0  0  0  0  0
   14.3910    1.6790   40.0480 H   0  0  0  0  0
   15.5690    3.0710   40.1170 H   0  0  0  0  0
   13.5780    7.6170   50.3270 H   0  0  0  0  0
   12.9460    5.4170   49.4380 H   0  0  0  0  0
   16.7460    2.7090   42.0260 H   0  0  0  0  0
   12.4690    2.4790   42.1710 H   0  0  0  0  0
   16.8540    2.6020   44.4870 H   0  0  0  0  0
   12.5780    2.3910   44.6390 H   0  0  0  0  0
   16.4550    2.8880   47.2570 H   0  0  0  0  0
   15.8200    4.2360   46.3140 H   0  0  0  0  0
   13.5570    3.6630   47.6290 H   0  0  0  0  0
   14.7340    2.9240   48.8050 H   0  0  0  0  0
   17.9100    9.0340   49.1000 H   0  0  0  0  0
   17.7340    9.9320   50.6460 H   0  0  0  0  0
   17.8030    8.1360   50.6520 H   0  0  0  0  0
   15.4510    9.1820   50.9280 H   0  0  0  0  0
   15.5770    9.7060   49.2320 H   0  0  0  0  0
   17.4360    7.1300   48.6240 H   0  0  0  0  0
  1  2  2  0  0  0
  2  3  1  0  0  0
  2  4  1  0  0  0
  3  6  1  0  0  0
  3 26  1  0  0  0
  4  5  1  0  0  0
  4  8  1  0  0  0
  4 27  1  0  0  0
  5  6  1  0  0  0
  6  7  2  0  0  0
  8 10  1  0  0  0
  8 28  1  0  0  0
  8 29  1  0  0  0
  9 21  1  0  0  0
  9 24  2  0  0  0
  9 30  1  0  0  0
 10 11  1  0  0  0
 10 15  2  0  0  0
 11 12  2  0  0  0
 11 32  1  0  0  0
 12 13  1  0  0  0
 12 34  1  0  0  0
 13 14  2  0  0  0
 13 16  1  0  0  0
 14 15  1  0  0  0
 14 35  1  0  0  0
 15 33  1  0  0  0
 16 17  1  0  0  0
 17 18  1  0  0  0
 17 36  1  0  0  0
 17 37  1  0  0  0
 18 25  1  0  0  0
 18 38  1  0  0  0
 18 39  1  0  0  0
 19 20  1  0  0  0
 19 40  1  0  0  0
 19 41  1  0  0  0
 19 42  1  0  0  0
 20 21  1  0  0  0
 20 43  1  0  0  0
 20 44  1  0  0  0
 21 22  2  0  0  0
 22 23  1  0  0  0
 22 45  1  0  0  0
 23 25  2  0  0  0
 24 25  1  0  0  0
 24 31  1  0  0  0
M  END
$$$$
