IXX
  -ISIS-            3D

 45 47  0  0  0  0  0  0  0  0  0
   40.5110   40.6750    9.0690 C   0  0  0  0  0
   39.5490   41.5280    8.4540 C   0  0  0  0  0
   38.9980   42.6390    9.1300 C   0  0  0  0  0
   39.3970   42.9180   10.4410 C   0  0  0  0  0
   40.3350   42.1080   11.0810 C   0  0  0  0  0
   40.2430   35.8770    8.7970 C   0  0  0  0  0
   41.9610   40.1590   11.3000 C   0  0  0  0  0
   42.6460   38.9530   10.6740 C   0  0  0  0  0
   41.0180   39.5570    8.2850 N   0  0  0  0  0
   41.0210   35.6160    9.9300 C   0  0  0  0  0
   41.5030   41.0240    4.0830 N   0  0  0  0  0
   41.7780   36.6320   10.4970 C   0  0  0  0  0
   40.2350   37.1910    8.2450 C   0  0  0  0  0
   40.9290   40.9760   10.4630 C   0  0  0  0  0
   41.7940   37.9450    9.9800 C   0  0  0  0  0
   41.0160   38.2320    8.8310 C   0  0  0  0  0
   42.0320   39.8850    7.2350 C   0  0  0  0  0
   41.7410   39.2450    5.8580 C   0  0  0  0  0
   40.8060   40.1020    5.0390 C   0  0  0  0  0
   41.2110   42.4430    4.3590 C   0  0  0  0  0
   41.1100   40.6960    2.6890 C   0  0  0  0  0
   39.2320   41.3190    7.4430 H   0  0  0  0  0
   38.2730   43.2690    8.6370 H   0  0  0  0  0
   38.9760   43.7660   10.9610 H   0  0  0  0  0
   40.6230   42.3530   12.0930 H   0  0  0  0  0
   39.6550   35.0920    8.3460 H   0  0  0  0  0
   42.7620   40.8620   11.5720 H   0  0  0  0  0
   43.3490   39.3430    9.9240 H   0  0  0  0  0
   41.0330   34.6260   10.3620 H   0  0  0  0  0
   42.3780   36.4090   11.3670 H   0  0  0  0  0
   39.6320   37.4010    7.3740 H   0  0  0  0  0
   42.0460   40.9770    7.1060 H   0  0  0  0  0
   42.9940   39.4790    7.5800 H   0  0  0  0  0
   42.6890   39.1310    5.3120 H   0  0  0  0  0
   41.2620   38.2690    6.0230 H   0  0  0  0  0
   40.2130   40.7170    5.7330 H   0  0  0  0  0
   40.1910   39.4190    4.4350 H   0  0  0  0  0
   41.1380   42.5980    5.4460 H   0  0  0  0  0
   42.0190   43.0690    3.9530 H   0  0  0  0  0
   40.2580   42.7200    3.8850 H   0  0  0  0  0
   40.0150   40.6150    2.6260 H   0  0  0  0  0
   41.4580   41.4910    2.0130 H   0  0  0  0  0
   41.5660   39.7390    2.3950 H   0  0  0  0  0
   43.0870   38.4100   11.5230 H   0  0  0  0  0
   41.3600   39.7290   12.1150 H   0  0  0  0  0
  1  9  1  0  0  0
  1  2  2  0  0  0
  1 14  1  0  0  0
  2  3  1  0  0  0
  2 22  1  0  0  0
  3  4  2  0  0  0
  3 23  1  0  0  0
  4  5  1  0  0  0
  4 24  1  0  0  0
  5 14  2  0  0  0
  5 25  1  0  0  0
  6 13  1  0  0  0
  6 10  2  0  0  0
  6 26  1  0  0  0
  7 14  1  0  0  0
  7  8  1  0  0  0
  7 27  1  0  0  0
  7 45  1  0  0  0
  8 15  1  0  0  0
  8 28  1  0  0  0
  8 44  1  0  0  0
  9 17  1  0  0  0
  9 16  1  0  0  0
 10 12  1  0  0  0
 10 29  1  0  0  0
 11 21  1  0  0  0
 11 20  1  0  0  0
 11 19  1  0  0  0
 12 15  2  0  0  0
 12 30  1  0  0  0
 13 16  2  0  0  0
 13 31  1  0  0  0
 15 16  1  0  0  0
 17 18  1  0  0  0
 17 32  1  0  0  0
 17 33  1  0  0  0
 18 19  1  0  0  0
 18 34  1  0  0  0
 18 35  1  0  0  0
 19 36  1  0  0  0
 19 37  1  0  0  0
 20 38  1  0  0  0
 20 39  1  0  0  0
 20 40  1  0  0  0
 21 41  1  0  0  0
 21 42  1  0  0  0
 21 43  1  0  0  0
M  END
$$$$
