QI9
  CCTOOLS-0109151401

 48 51  0  0  1  0  0  0  0  0999 V2000
    3.4630   25.9800   -4.2370 O   0  0  0  0  0
    4.5650   25.1480   -4.5800 C   0  0  0  0  0
    5.7140   26.0020   -5.1550 C   0  0  0  0  0
    5.4280   26.5290   -6.5060 N   0  0  0  0  0
    4.6300   27.7620   -6.4230 C   0  0  0  0  0
    5.4310   28.8960   -5.7840 C   0  0  0  0  0
    6.7180   26.8660   -7.1300 C   0  0  0  0  0
    7.5870   27.7680   -6.2270 C   0  0  0  0  0
    8.7960   27.0550   -5.7020 C   0  0  0  0  0
    9.0890   25.7810   -5.8530 C   0  0  0  0  0
    6.6610   28.2890   -5.1180 C   0  0  0  0  0
    6.2060   27.1240   -4.2340 C   0  0  0  0  0
    5.0580   24.3570   -3.3780 C   0  0  0  0  0
    4.6380   24.6840   -2.1140 C   0  0  0  0  0
    5.1370   23.9940   -1.0210 C   0  0  0  0  0
    6.0240   23.0150   -1.0890 N   0  0  0  0  0
    6.4630   22.6570   -2.3400 C   0  0  0  0  0
    5.9990   23.2880   -3.5210 C   0  0  0  0  0
    6.4600   22.8090   -4.7720 C   0  0  0  0  0
    7.3910   21.5910   -2.4520 C   0  0  0  0  0
    7.8180   21.1620   -3.6760 C   0  0  0  0  0
    7.3450   21.7670   -4.8370 C   0  0  0  0  0
    7.7810   21.2660   -6.0360 O   0  0  0  0  0
    8.7090   20.1900   -6.0080 C   0  0  0  0  0
    2.7610   25.4460   -3.8840 H   0  0  0  0  0
    4.2550   24.4330   -5.3560 H   0  0  0  0  0
    6.5650   25.3140   -5.2660 H   0  0  0  0  0
    4.3280   28.0630   -7.4370 H   0  0  0  0  0
    3.7340   27.5690   -5.8150 H   0  0  0  0  0
    5.7420   29.6150   -6.5570 H   0  0  0  0  0
    4.8150   29.4100   -5.0320 H   0  0  0  0  0
    7.2670   25.9350   -7.3330 H   0  0  0  0  0
    6.5260   27.3920   -8.0770 H   0  0  0  0  0
    7.9200   28.6280   -6.8260 H   0  0  0  0  0
    9.5010   27.6500   -5.1400 H   0  0  0  0  0
    9.9960   25.3810   -5.4250 H   0  0  0  0  0
    8.4220   25.1350   -6.4050 H   0  0  0  0  0
    7.1810   29.0460   -4.5130 H   0  0  0  0  0
    5.3890   27.4520   -3.5740 H   0  0  0  0  0
    7.0490   26.7650   -3.6240 H   0  0  0  0  0
    3.9200   25.4780   -1.9710 H   0  0  0  0  0
    4.7760   24.2760   -0.0430 H   0  0  0  0  0
    6.1100   23.2710   -5.6830 H   0  0  0  0  0
    7.7650   21.1130   -1.5590 H   0  0  0  0  0
    8.5260   20.3490   -3.7440 H   0  0  0  0  0
    8.9640   19.8980   -7.0370 H   0  0  0  0  0
    9.6210   20.5060   -5.4800 H   0  0  0  0  0
    8.2610   19.3330   -5.4840 H   0  0  0  0  0
  1 25  1  0  0  0
  2  1  1  0  0  0
  2 13  1  0  0  0
  2 26  1  0  0  0
  3  2  1  0  0  0
  3 12  1  0  0  0
  3 27  1  0  0  0
  4  5  1  0  0  0
  4  3  1  0  0  0
  5  6  1  0  0  0
  5 28  1  0  0  0
  5 29  1  0  0  0
  6 11  1  0  0  0
  6 30  1  0  0  0
  6 31  1  0  0  0
  7  4  1  0  0  0
  7  8  1  0  0  0
  7 32  1  0  0  0
  7 33  1  0  0  0
  8  9  1  0  0  0
  8 11  1  0  0  0
  8 34  1  0  0  0
  9 35  1  0  0  0
 10  9  2  0  0  0
 10 36  1  0  0  0
 10 37  1  0  0  0
 11 12  1  0  0  0
 11 38  1  0  0  0
 12 39  1  0  0  0
 12 40  1  0  0  0
 13 14  1  0  0  0
 14 15  2  0  0  0
 14 41  1  0  0  0
 15 42  1  0  0  0
 16 15  1  0  0  0
 17 16  2  0  0  0
 18 13  2  0  0  0
 18 17  1  0  0  0
 19 18  1  0  0  0
 19 43  1  0  0  0
 20 17  1  0  0  0
 20 44  1  0  0  0
 21 20  2  0  0  0
 21 45  1  0  0  0
 22 19  2  0  0  0
 22 21  1  0  0  0
 23 24  1  0  0  0
 23 22  1  0  0  0
 24 46  1  0  0  0
 24 47  1  0  0  0
 24 48  1  0  0  0
M  END
$$$$
