06X
  CCTOOLS-0907121004

 53 54  0  0  1  0  0  0  0  0999 V2000
   30.7840   -4.9100    6.2020 CL  0  0  0  0  0
   31.9730   -3.8800    5.5560 C   0  0  0  0  0
   31.5240   -2.6600    5.1020 C   0  0  0  0  0
   32.3820   -1.7510    4.5450 C   0  0  0  0  0
   33.7140   -2.0550    4.4360 C   0  0  0  0  0
   34.1670   -3.2700    4.8880 C   0  0  0  0  0
   33.3150   -4.1960    5.4410 C   0  0  0  0  0
   34.1310   -5.4280    5.8370 C   0  0  0  0  0
   34.6390   -5.6130    7.1710 C   0  0  0  0  0
   34.0180   -5.1000    8.3560 C   0  0  0  0  0
   34.6120   -5.1830    9.3900 O   0  0  0  0  0
   32.7780   -4.6910    8.3210 O   0  0  0  0  0
   32.5330   -4.1560    9.5300 C   0  0  0  0  0
   32.4130   -2.6510    9.3900 C   0  0  0  0  0
   34.3590   -6.5640    4.9740 C   0  0  0  0  0
   33.3960   -7.0360    3.9220 C   0  0  0  0  0
   32.2470   -6.6450    3.8930 O   0  0  0  0  0
   33.7890   -7.9820    3.0890 O   0  0  0  0  0
   32.6260   -8.5020    2.5960 C   0  0  0  0  0
   35.6910   -6.9150    5.0850 C   0  0  0  0  0
   36.2770   -7.9660    4.1900 C   0  0  0  0  0
   36.4800   -6.3220    5.9800 N   0  0  0  0  0
   35.9360   -6.0040    7.1270 C   0  0  0  0  0
   36.7960   -6.0400    8.3160 C   0  0  0  0  0
   38.0190   -6.4400    8.0370 O   0  0  0  0  0
   38.7680   -5.5290    7.2100 C   0  0  0  0  0
   40.0580   -5.3460    7.3260 C   0  0  0  0  0
   40.5150   -4.8680    8.6080 N   0  0  0  0  0
   30.4750   -2.4160    5.1870 H   0  0  0  0  0
   32.0120   -0.7990    4.1930 H   0  0  0  0  0
   34.4010   -1.3460    3.9990 H   0  0  0  0  0
   35.2180   -3.5040    4.8070 H   0  0  0  0  0
   31.5940   -4.5650    9.9320 H   0  0  0  0  0
   33.3590   -4.3980   10.2150 H   0  0  0  0  0
   32.2120   -2.2050   10.3750 H   0  0  0  0  0
   33.3530   -2.2440    8.9880 H   0  0  0  0  0
   31.5870   -2.4110    8.7040 H   0  0  0  0  0
   32.8570   -9.3080    1.8840 H   0  0  0  0  0
   32.0250   -8.9060    3.4240 H   0  0  0  0  0
   32.0590   -7.7110    2.0830 H   0  0  0  0  0
   37.3420   -8.1020    4.4310 H   0  0  0  0  0
   35.7430   -8.9160    4.3410 H   0  0  0  0  0
   36.1760   -7.6520    3.1410 H   0  0  0  0  0
   36.8480   -5.0270    8.7410 H   0  0  0  0  0
   36.3570   -6.7390    9.0440 H   0  0  0  0  0
   38.3210   -4.5410    7.3950 H   0  0  0  0  0
   38.6220   -5.8900    6.1810 H   0  0  0  0  0
   40.5450   -6.3160    7.1450 H   0  0  0  0  0
   40.3530   -4.6000    6.5730 H   0  0  0  0  0
   41.5090   -4.7630    8.5900 H   0  0  0  0  0
   40.0900   -3.9850    8.8050 H   0  0  0  0  0
   34.3190   -4.5170    5.2500 H   0  0  0  0  0
   37.4420   -6.1290    5.7850 H   0  0  0  0  0
  2  1  1  0  0  0
  3  2  2  0  0  0
  3 29  1  0  0  0
  4  3  1  0  0  0
  4 30  1  0  0  0
  5  4  2  0  0  0
  5  6  1  0  0  0
  5 31  1  0  0  0
  6  7  2  0  0  0
  6 32  1  0  0  0
  7  2  1  0  0  0
  7  8  1  0  0  0
  8  9  1  0  0  0
  8 52  1  0  0  0
  9 10  1  0  0  0
 10 11  2  0  0  0
 12 10  1  0  0  0
 12 13  1  0  0  0
 13 33  1  0  0  0
 13 34  1  0  0  0
 14 13  1  0  0  0
 14 35  1  0  0  0
 14 36  1  0  0  0
 14 37  1  0  0  0
 15 20  2  0  0  0
 15  8  1  0  0  0
 16 15  1  0  0  0
 17 16  2  0  0  0
 18 16  1  0  0  0
 19 18  1  0  0  0
 19 38  1  0  0  0
 19 39  1  0  0  0
 19 40  1  0  0  0
 20 22  1  0  0  0
 21 20  1  0  0  0
 21 41  1  0  0  0
 21 42  1  0  0  0
 21 43  1  0  0  0
 22 23  1  0  0  0
 22 53  1  0  0  0
 23  9  2  0  0  0
 23 24  1  0  0  0
 24 44  1  0  0  0
 24 45  1  0  0  0
 25 24  1  0  0  0
 26 27  1  0  0  0
 26 25  1  0  0  0
 26 46  1  0  0  0
 26 47  1  0  0  0
 27 28  1  0  0  0
 27 48  1  0  0  0
 27 49  1  0  0  0
 28 50  1  0  0  0
 28 51  1  0  0  0
M  END
$$$$
