68P
  CCTOOLS-0408161148

 45 47  0  0  1  0  0  0  0  0999 V2000
   42.2130  175.8320    0.4820 C   0  0  0  0  0
   43.7280  178.8500   -0.1270 C   0  0  0  0  0
   41.2130  174.7360    0.8690 C   0  0  0  0  0
   43.6410  180.3360   -0.4540 C   0  0  0  0  0
   42.2450  174.8840   -1.9970 C   0  0  0  0  0
   41.2460  173.7970   -1.6030 C   0  0  0  0  0
   47.5330  178.5270    3.3720 C   0  0  0  0  0
   42.5790  182.7060   -0.0340 C   0  0  0  0  0
   40.8230  172.9120   -2.5200 F   0  0  0  0  0
   41.6690  176.8500    2.5360 O   0  0  0  0  0
   47.2420  177.0710    3.3850 N   0  0  0  0  0
   42.5050  183.8420   -0.2770 N   0  0  0  0  0
   42.6730  176.8100    1.5250 C   0  0  0  0  0
   43.9860  176.2730    2.1450 C   0  0  0  0  0
   42.8270  178.2210    0.9710 C   0  0  0  0  0
   41.8750  179.0890    1.6970 C   0  0  0  0  0
   44.9100  177.3970    2.6690 C   0  0  0  0  0
   41.1630  178.2460    2.6650 C   0  0  0  0  0
   45.8580  176.8270    3.7270 C   0  0  0  0  0
   41.7840  180.6010    1.3680 C   0  0  0  0  0
   42.7270  175.8960   -0.9460 C   0  0  0  0  0
   42.6740  181.2100    0.2880 C   0  0  0  0  0
   40.7290  173.7190   -0.1780 C   0  0  0  0  0
   47.5680  176.4730    2.1120 C   0  0  0  0  0
   44.4250  178.2260   -0.6660 H   0  0  0  0  0
   40.8460  174.6780    1.8830 H   0  0  0  0  0
   44.2750  180.7590   -1.2190 H   0  0  0  0  0
   42.6110  174.9410   -3.0110 H   0  0  0  0  0
   47.2780  178.9610    4.3500 H   0  0  0  0  0
   48.6020  178.6850    3.1690 H   0  0  0  0  0
   46.9350  179.0130    2.5870 H   0  0  0  0  0
   43.7320  175.6090    2.9840 H   0  0  0  0  0
   44.5290  175.7020    1.3770 H   0  0  0  0  0
   45.4970  177.8080    1.8340 H   0  0  0  0  0
   44.2990  178.1950    3.1160 H   0  0  0  0  0
   41.3470  178.6150    3.6850 H   0  0  0  0  0
   40.0830  178.2710    2.4550 H   0  0  0  0  0
   45.6400  177.3020    4.6950 H   0  0  0  0  0
   45.6950  175.7420    3.8060 H   0  0  0  0  0
   41.0870  181.2270    1.9060 H   0  0  0  0  0
   43.4380  176.6600   -1.2250 H   0  0  0  0  0
   40.0230  172.9510    0.1000 H   0  0  0  0  0
   47.3450  175.3960    2.1440 H   0  0  0  0  0
   46.9700  176.9480    1.3200 H   0  0  0  0  0
   48.6380  176.6200    1.9010 H   0  0  0  0  0
  1  3  1  0  0  0
  1 13  1  0  0  0
  2 15  1  0  0  0
  2 25  1  0  0  0
  3 26  1  0  0  0
  4  2  2  0  0  0
  4 22  1  0  0  0
  4 27  1  0  0  0
  5  6  2  0  0  0
  5 21  1  0  0  0
  5 28  1  0  0  0
  6 23  1  0  0  0
  7 11  1  0  0  0
  7 29  1  0  0  0
  7 30  1  0  0  0
  7 31  1  0  0  0
  8 22  1  0  0  0
  9  6  1  0  0  0
 10 18  1  0  0  0
 11 19  1  0  0  0
 12  8  3  0  0  0
 13 14  1  0  0  0
 13 10  1  0  0  0
 14 17  1  0  0  0
 14 32  1  0  0  0
 14 33  1  0  0  0
 15 13  1  0  0  0
 15 16  2  0  0  0
 16 18  1  0  0  0
 17 19  1  0  0  0
 17 34  1  0  0  0
 17 35  1  0  0  0
 18 36  1  0  0  0
 18 37  1  0  0  0
 19 38  1  0  0  0
 19 39  1  0  0  0
 20 16  1  0  0  0
 20 40  1  0  0  0
 21  1  2  0  0  0
 21 41  1  0  0  0
 22 20  2  0  0  0
 23  3  2  0  0  0
 23 42  1  0  0  0
 24 11  1  0  0  0
 24 43  1  0  0  0
 24 44  1  0  0  0
 24 45  1  0  0  0
M  END
$$$$
