TP0
  -ISIS-            3D

 44 46  0  0  0  0  0  0  0  0  0
   16.3520    0.8780   18.4120 N   0  0  0  0  0
   12.7910    2.4050   17.6480 C   0  0  0  0  0
   13.0740    3.6610   19.7390 C   0  0  0  0  0
   10.9280    1.4080   19.0750 C   0  0  0  0  0
   13.0060    3.7050   18.3570 C   0  0  0  0  0
   11.4440    1.7500   17.8180 C   0  0  0  0  0
   13.7440    1.7940   16.8970 C   0  0  0  0  0
   13.2630    4.8460   20.4620 C   0  0  0  0  0
    9.6780    0.7970   19.1450 C   0  0  0  0  0
   13.0750    4.9090   17.6510 C   0  0  0  0  0
   10.7280    1.4540   16.6720 C   0  0  0  0  0
   16.2430    1.3020   16.9900 C   0  0  0  0  0
   13.3500    6.0490   19.7530 C   0  0  0  0  0
    8.9750    0.5080   18.0100 C   0  0  0  0  0
   13.2730    6.0930   18.3660 C   0  0  0  0  0
    9.4840    0.8410   16.7620 C   0  0  0  0  0
   17.6030    0.1010   18.6100 C   0  0  0  0  0
   16.3110    1.9080   19.4780 C   0  0  0  0  0
   12.9550    2.3190   20.4540 C   0  0  0  0  0
   11.5580    1.6720   20.4210 C   0  0  0  0  0
   15.1400    2.3420   16.6850 C   0  0  0  0  0
   13.4900    0.8580   16.4210 H   0  0  0  0  0
   13.3400    4.8310   21.5390 H   0  0  0  0  0
    9.2590    0.5490   20.1090 H   0  0  0  0  0
   12.9770    4.9240   16.5760 H   0  0  0  0  0
   11.1370    1.7000   15.7030 H   0  0  0  0  0
   17.2070    1.7490   16.7040 H   0  0  0  0  0
   16.0240    0.4040   16.3930 H   0  0  0  0  0
   13.4810    6.9710   20.3000 H   0  0  0  0  0
    8.0160    0.0170   18.0840 H   0  0  0  0  0
   13.3650    7.0350   17.8450 H   0  0  0  0  0
    8.9180    0.6250   15.8680 H   0  0  0  0  0
   17.6790   -0.2100   19.6620 H   0  0  0  0  0
   17.5870   -0.7900   17.9650 H   0  0  0  0  0
   18.4690    0.7280   18.3490 H   0  0  0  0  0
   16.4040    1.4230   20.4610 H   0  0  0  0  0
   17.1430    2.6140   19.3380 H   0  0  0  0  0
   15.3560    2.4510   19.4260 H   0  0  0  0  0
   13.6540    1.6220   19.9680 H   0  0  0  0  0
   13.2200    2.4820   21.5090 H   0  0  0  0  0
   10.8820    2.3530   20.9580 H   0  0  0  0  0
   11.6490    0.6980   20.9240 H   0  0  0  0  0
   15.2360    2.6510   15.6340 H   0  0  0  0  0
   15.2800    3.2030   17.3550 H   0  0  0  0  0
  1 12  1  0  0  0
  1 17  1  0  0  0
  1 18  1  0  0  0
  2  5  1  0  0  0
  2  6  1  0  0  0
  2  7  2  0  0  0
  3  5  2  0  0  0
  3  8  1  0  0  0
  3 19  1  0  0  0
  4  6  2  0  0  0
  4  9  1  0  0  0
  4 20  1  0  0  0
  5 10  1  0  0  0
  6 11  1  0  0  0
  7 21  1  0  0  0
  7 22  1  0  0  0
  8 13  2  0  0  0
  8 23  1  0  0  0
  9 14  2  0  0  0
  9 24  1  0  0  0
 10 15  2  0  0  0
 10 25  1  0  0  0
 11 16  2  0  0  0
 11 26  1  0  0  0
 12 21  1  0  0  0
 12 27  1  0  0  0
 12 28  1  0  0  0
 13 15  1  0  0  0
 13 29  1  0  0  0
 14 16  1  0  0  0
 14 30  1  0  0  0
 15 31  1  0  0  0
 16 32  1  0  0  0
 17 33  1  0  0  0
 17 34  1  0  0  0
 17 35  1  0  0  0
 18 36  1  0  0  0
 18 37  1  0  0  0
 18 38  1  0  0  0
 19 20  1  0  0  0
 19 39  1  0  0  0
 19 40  1  0  0  0
 20 41  1  0  0  0
 20 42  1  0  0  0
 21 43  1  0  0  0
 21 44  1  0  0  0
M  END
$$$$
