QDN
  CCTOOLS-0109151401

 48 51  0  0  1  0  0  0  0  0999 V2000
    4.2560   25.8640   -7.8170 O   0  0  0  0  0
    4.0670   27.2260   -7.4590 C   0  0  0  0  0
    4.6420   27.4480   -6.0510 C   0  0  0  0  0
    6.0610   27.8760   -6.0720 N   0  0  0  0  0
    6.4300   28.3940   -4.7470 C   0  0  0  0  0
    6.0840   27.3990   -3.6480 C   0  0  0  0  0
    6.9320   26.7300   -6.3600 C   0  0  0  0  0
    6.8800   25.6710   -5.2390 C   0  0  0  0  0
    6.8080   24.2790   -5.7740 C   0  0  0  0  0
    7.7490   23.3670   -5.5930 C   0  0  0  0  0
    5.7270   26.0660   -4.3010 C   0  0  0  0  0
    4.4420   26.2600   -5.1050 C   0  0  0  0  0
    2.5870   27.5800   -7.4480 C   0  0  0  0  0
    1.6480   26.6230   -7.1700 C   0  0  0  0  0
    0.3030   26.9550   -7.1750 C   0  0  0  0  0
   -0.1710   28.1590   -7.4470 N   0  0  0  0  0
    0.7460   29.1400   -7.7240 C   0  0  0  0  0
    2.1450   28.9050   -7.7300 C   0  0  0  0  0
    3.0210   29.9940   -7.9850 C   0  0  0  0  0
    0.2740   30.4360   -8.0280 C   0  0  0  0  0
    1.1420   31.4420   -8.3350 C   0  0  0  0  0
    2.5140   31.2340   -8.2570 C   0  0  0  0  0
    3.2840   32.3520   -8.4530 O   0  0  0  0  0
    4.7010   32.2200   -8.3300 C   0  0  0  0  0
    5.1840   25.6620   -7.8180 H   0  0  0  0  0
    4.5900   27.8870   -8.1660 H   0  0  0  0  0
    4.0690   28.2810   -5.6180 H   0  0  0  0  0
    7.5130   28.5880   -4.7270 H   0  0  0  0  0
    5.8860   29.3330   -4.5650 H   0  0  0  0  0
    6.9490   27.2660   -2.9810 H   0  0  0  0  0
    5.2260   27.7700   -3.0670 H   0  0  0  0  0
    6.6080   26.2660   -7.3030 H   0  0  0  0  0
    7.9670   27.0870   -6.4640 H   0  0  0  0  0
    7.8130   25.7610   -4.6640 H   0  0  0  0  0
    5.9340   23.9990   -6.3440 H   0  0  0  0  0
    7.6300   22.3780   -6.0100 H   0  0  0  0  0
    8.6370   23.6120   -5.0280 H   0  0  0  0  0
    5.5820   25.2920   -3.5330 H   0  0  0  0  0
    3.6040   26.4650   -4.4230 H   0  0  0  0  0
    4.2270   25.3520   -5.6880 H   0  0  0  0  0
    1.9550   25.6120   -6.9470 H   0  0  0  0  0
   -0.4080   26.1760   -6.9400 H   0  0  0  0  0
    4.0900   29.8420   -7.9640 H   0  0  0  0  0
   -0.7880   30.6330   -8.0170 H   0  0  0  0  0
    0.7610   32.4050   -8.6400 H   0  0  0  0  0
    5.1780   33.1940   -8.5140 H   0  0  0  0  0
    4.9500   31.8750   -7.3160 H   0  0  0  0  0
    5.0660   31.4890   -9.0660 H   0  0  0  0  0
  1  2  1  0  0  0
  1 25  1  0  0  0
  2 13  1  0  0  0
  2  3  1  0  0  0
  2 26  1  0  0  0
  3 12  1  0  0  0
  3 27  1  0  0  0
  4  3  1  0  0  0
  4  5  1  0  0  0
  5  6  1  0  0  0
  5 28  1  0  0  0
  5 29  1  0  0  0
  6 30  1  0  0  0
  6 31  1  0  0  0
  7  4  1  0  0  0
  7  8  1  0  0  0
  7 32  1  0  0  0
  7 33  1  0  0  0
  8 11  1  0  0  0
  8 34  1  0  0  0
  9 10  2  0  0  0
  9  8  1  0  0  0
  9 35  1  0  0  0
 10 36  1  0  0  0
 10 37  1  0  0  0
 11  6  1  0  0  0
 11 38  1  0  0  0
 12 11  1  0  0  0
 12 39  1  0  0  0
 12 40  1  0  0  0
 13 14  2  0  0  0
 14 41  1  0  0  0
 15 14  1  0  0  0
 15 42  1  0  0  0
 16 15  2  0  0  0
 17 16  1  0  0  0
 18 17  1  0  0  0
 18 13  1  0  0  0
 19 18  2  0  0  0
 19 43  1  0  0  0
 20 17  2  0  0  0
 20 44  1  0  0  0
 21 22  2  0  0  0
 21 20  1  0  0  0
 21 45  1  0  0  0
 22 19  1  0  0  0
 23 24  1  0  0  0
 23 22  1  0  0  0
 24 46  1  0  0  0
 24 47  1  0  0  0
 24 48  1  0  0  0
M  END
$$$$
