RTZ
  CCTOOLS-0803121139

 51 54  0  0  1  0  0  0  0  0999 V2000
   13.8890  -31.4090   -8.5640 C   0  0  0  0  0
   22.1890  -29.2720   -7.6660 C   0  0  0  0  0
   13.4790  -24.3990   -7.4220 C   0  0  0  0  0
   13.7960  -23.5420   -6.3430 C   0  0  0  0  0
   17.9490  -32.3340   -8.9970 C   0  0  0  0  0
   16.9910  -33.4190   -8.8940 C   0  0  0  0  0
   17.6110  -31.2380   -7.9150 C   0  0  0  0  0
   14.2500  -25.5780   -7.6730 C   0  0  0  0  0
   14.8960  -23.8530   -5.4960 C   0  0  0  0  0
   20.4500  -26.7280   -6.4920 C   0  0  0  0  0
   19.5630  -26.0850   -5.6030 C   0  0  0  0  0
   15.9120  -29.7110   -6.9610 C   0  0  0  0  0
   15.6200  -32.8840   -9.1630 C   0  0  0  0  0
   15.5340  -28.3220   -7.5440 C   0  0  0  0  0
   18.5100  -27.6130   -7.7490 C   0  0  0  0  0
   16.2060  -30.6900   -8.1130 C   0  0  0  0  0
   19.9130  -27.4940   -7.5610 C   0  0  0  0  0
   15.3620  -25.9000   -6.8200 C   0  0  0  0  0
   17.6050  -26.9660   -6.8530 C   0  0  0  0  0
   15.6750  -25.0180   -5.7260 C   0  0  0  0  0
   18.1590  -26.1970   -5.7690 C   0  0  0  0  0
   15.2440  -31.8100   -8.1550 N   0  0  0  0  0
   16.1730  -27.0780   -7.0220 N   0  0  0  0  0
   21.0110  -28.3350   -8.7010 S   0  0  0  0  0
   17.0670  -25.3720   -4.6090 S   0  0  0  0  0
   13.5190  -30.6240   -7.8890 H   0  0  0  0  0
   13.9160  -31.0240   -9.5940 H   0  0  0  0  0
   13.2190  -32.2800   -8.5160 H   0  0  0  0  0
   22.8950  -29.8140   -8.3120 H   0  0  0  0  0
   22.7440  -28.5760   -7.0200 H   0  0  0  0  0
   21.6370  -29.9910   -7.0420 H   0  0  0  0  0
   12.6440  -24.1610   -8.0650 H   0  0  0  0  0
   13.2060  -22.6560   -6.1630 H   0  0  0  0  0
   18.9640  -32.7210   -8.8240 H   0  0  0  0  0
   17.8940  -31.8890  -10.0010 H   0  0  0  0  0
   17.2350  -34.1990   -9.6310 H   0  0  0  0  0
   17.0280  -33.8500   -7.8830 H   0  0  0  0  0
   17.6800  -31.6900   -6.9150 H   0  0  0  0  0
   18.3320  -30.4130   -8.0050 H   0  0  0  0  0
   13.9970  -26.2240   -8.5010 H   0  0  0  0  0
   15.1400  -23.1990   -4.6720 H   0  0  0  0  0
   21.5180  -26.6390   -6.3620 H   0  0  0  0  0
   19.9580  -25.5000   -4.7860 H   0  0  0  0  0
   16.8060  -29.6120   -6.3280 H   0  0  0  0  0
   15.0760  -30.0950   -6.3580 H   0  0  0  0  0
   15.5990  -32.4490  -10.1730 H   0  0  0  0  0
   14.8950  -33.7080   -9.0930 H   0  0  0  0  0
   15.7870  -28.3650   -8.6140 H   0  0  0  0  0
   14.4550  -28.2040   -7.3660 H   0  0  0  0  0
   18.1260  -28.1950   -8.5730 H   0  0  0  0  0
   16.1150  -30.1480   -9.0660 H   0  0  0  0  0
  1 22  1  0  0  0
  1 26  1  0  0  0
  1 27  1  0  0  0
  1 28  1  0  0  0
  2 24  1  0  0  0
  2 29  1  0  0  0
  2 30  1  0  0  0
  2 31  1  0  0  0
  3  4  2  0  0  0
  3  8  1  0  0  0
  3 32  1  0  0  0
  4  9  1  0  0  0
  4 33  1  0  0  0
  5  6  1  0  0  0
  5  7  1  0  0  0
  5 34  1  0  0  0
  5 35  1  0  0  0
  6 13  1  0  0  0
  6 36  1  0  0  0
  6 37  1  0  0  0
  7 16  1  0  0  0
  7 38  1  0  0  0
  7 39  1  0  0  0
  8 18  2  0  0  0
  8 40  1  0  0  0
  9 20  2  0  0  0
  9 41  1  0  0  0
 10 11  2  0  0  0
 10 17  1  0  0  0
 10 42  1  0  0  0
 11 21  1  0  0  0
 11 43  1  0  0  0
 12 14  1  0  0  0
 12 16  1  0  0  0
 12 44  1  0  0  0
 12 45  1  0  0  0
 13 22  1  0  0  0
 13 46  1  0  0  0
 13 47  1  0  0  0
 14 23  1  0  0  0
 14 48  1  0  0  0
 14 49  1  0  0  0
 15 17  2  0  0  0
 15 19  1  0  0  0
 15 50  1  0  0  0
 16 22  1  0  0  0
 16 51  1  0  0  0
 17 24  1  0  0  0
 18 20  1  0  0  0
 18 23  1  0  0  0
 19 21  2  0  0  0
 19 23  1  0  0  0
 20 25  1  0  0  0
 21 25  1  0  0  0
M  END
$$$$
