H8J
  CCTOOLS-0824181009

 53 56  0  0  1  0  0  0  0  0999 V2000
   22.9590   22.3970   12.4670 C   0  0  0  0  0
   22.5300   18.9300    6.2670 C   0  0  0  0  0
   26.3890   12.3850    5.1620 C   0  0  0  0  0
   22.9430   16.7060    9.6720 C   0  0  0  0  0
   25.8190   13.4990    9.4990 C   0  0  0  0  0
   24.9980   14.6180    9.6640 C   0  0  0  0  0
   26.1210   12.9910    8.2390 C   0  0  0  0  0
   24.9340   14.3540    5.2700 C   0  0  0  0  0
   21.6050   21.7800   12.6440 C   0  0  0  0  0
   20.8060   19.8420   13.9550 C   0  0  0  0  0
   23.5650   16.2890    6.1210 C   0  0  0  0  0
   22.4230   18.7360    8.6160 C   0  0  0  0  0
   22.4040   18.6390   11.1090 C   0  0  0  0  0
   23.6520   16.3550    8.5170 C   0  0  0  0  0
   24.3860   15.1650    6.1570 C   0  0  0  0  0
   24.4840   15.2190    8.5140 C   0  0  0  0  0
   25.6120   13.5920    7.1660 C   0  0  0  0  0
   24.8160   14.6780    7.3340 C   0  0  0  0  0
   22.1330   17.8490    9.8110 C   0  0  0  0  0
   21.7420   20.2780   12.8460 C   0  0  0  0  0
   23.6620   17.1600    7.3750 C   0  0  0  0  0
   21.4440   19.5730   11.6330 N   0  0  0  0  0
   22.4650   17.9970    7.3630 N   0  0  0  0  0
   25.6610   13.4210    5.8490 N   0  0  0  0  0
   23.4580   18.4720   11.6940 O   0  0  0  0  0
   21.3030   18.6340   14.5450 O   0  0  0  0  0
   22.8520   23.4820   12.3220 H   0  0  0  0  0
   23.5690   22.2060   13.3620 H   0  0  0  0  0
   23.4510   21.9560   11.5870 H   0  0  0  0  0
   21.6260   19.5570    6.2640 H   0  0  0  0  0
   23.4180   19.5690    6.3810 H   0  0  0  0  0
   22.5960   18.3770    5.3180 H   0  0  0  0  0
   26.9050   11.7490    5.8970 H   0  0  0  0  0
   25.6890   11.7730    4.5750 H   0  0  0  0  0
   27.1300   12.8420    4.4890 H   0  0  0  0  0
   23.0240   16.0480   10.5240 H   0  0  0  0  0
   26.2300   13.0160   10.3730 H   0  0  0  0  0
   24.7690   15.0040   10.6460 H   0  0  0  0  0
   26.7570   12.1250    8.1340 H   0  0  0  0  0
   24.8020   14.4450    4.2020 H   0  0  0  0  0
   21.1150   22.2230   13.5230 H   0  0  0  0  0
   20.9960   21.9730   11.7480 H   0  0  0  0  0
   20.7510   20.6300   14.7210 H   0  0  0  0  0
   19.8030   19.6630   13.5400 H   0  0  0  0  0
   23.8490   16.8990    5.2510 H   0  0  0  0  0
   22.5230   15.9550    6.0100 H   0  0  0  0  0
   23.3970   19.2250    8.7690 H   0  0  0  0  0
   21.6360   19.5010    8.5470 H   0  0  0  0  0
   21.0700   17.5670    9.7920 H   0  0  0  0  0
   22.7750   20.0610   13.1550 H   0  0  0  0  0
   24.5690   17.7800    7.3250 H   0  0  0  0  0
   20.5790   19.7290   11.1570 H   0  0  0  0  0
   20.7190   18.3570   15.2410 H   0  0  0  0  0
  1  9  1  0  0  0
  1 27  1  0  0  0
  1 28  1  0  0  0
  1 29  1  0  0  0
  2 23  1  0  0  0
  2 30  1  0  0  0
  2 31  1  0  0  0
  2 32  1  0  0  0
  3 24  1  0  0  0
  3 33  1  0  0  0
  3 34  1  0  0  0
  3 35  1  0  0  0
  4 19  1  0  0  0
  4 36  1  0  0  0
  5  6  1  0  0  0
  5 37  1  0  0  0
  6 38  1  0  0  0
  7  5  2  0  0  0
  7 39  1  0  0  0
  8 24  1  0  0  0
  8 15  2  0  0  0
  8 40  1  0  0  0
  9 20  1  0  0  0
  9 41  1  0  0  0
  9 42  1  0  0  0
 10 26  1  0  0  0
 10 43  1  0  0  0
 10 44  1  0  0  0
 11 15  1  0  0  0
 11 21  1  0  0  0
 11 45  1  0  0  0
 11 46  1  0  0  0
 12 19  1  0  0  0
 12 47  1  0  0  0
 12 48  1  0  0  0
 13 22  1  0  0  0
 13 25  2  0  0  0
 14  4  2  0  0  0
 15 18  1  0  0  0
 16 14  1  0  0  0
 16  6  2  0  0  0
 17 18  2  0  0  0
 17  7  1  0  0  0
 18 16  1  0  0  0
 19 13  1  0  0  0
 19 49  1  0  0  0
 20 10  1  0  0  0
 20 50  1  0  0  0
 21 14  1  0  0  0
 21 51  1  0  0  0
 22 20  1  0  0  0
 22 52  1  0  0  0
 23 21  1  0  0  0
 23 12  1  0  0  0
 24 17  1  0  0  0
 26 53  1  0  0  0
M  END
$$$$
