GMJ
  CCTOOLS-1012180955

 49 51  0  0  0  0  0  0  0  0999 V2000
   11.4050   38.3010  -35.2800 C   0  0  0  0  0
   10.2250   37.8860  -36.1620 C   0  0  0  0  0
   13.2450   38.4580  -31.6230 C   0  0  0  0  0
   14.2540   38.6370  -30.6890 C   0  0  0  0  0
   15.0730   37.5750  -30.3360 C   0  0  0  0  0
   14.8860   36.3320  -30.9160 C   0  0  0  0  0
   13.8800   36.1520  -31.8480 C   0  0  0  0  0
   13.0590   37.2110  -32.2010 C   0  0  0  0  0
   11.9570   36.9790  -33.2320 C   0  0  0  0  0
   11.1430   38.1460  -33.7830 C   0  0  0  0  0
   10.4130   39.4540  -37.6230 C   0  0  0  0  0
    9.1450   39.9070  -38.3350 C   0  0  0  0  0
    8.6160   39.0230  -39.3740 C   0  0  0  0  0
    9.3430   37.7870  -39.5090 C   0  0  0  0  0
    9.6590   37.1810  -38.1420 C   0  0  0  0  0
    8.6740   39.9020  -40.7440 C   0  0  0  0  0
    9.8680   40.1240  -41.4150 C   0  0  0  0  0
    9.8870   40.8850  -42.5760 C   0  0  0  0  0
    8.7060   41.4410  -43.0540 C   0  0  0  0  0
    7.5190   41.2280  -42.3760 C   0  0  0  0  0
    7.5080   40.4640  -41.2230 C   0  0  0  0  0
   16.0670   37.7480  -29.4160 F   0  0  0  0  0
   10.4930   38.0470  -37.3160 N   0  0  0  0  0
   11.7310   35.8780  -33.6060 O   0  0  0  0  0
    7.2810   38.7480  -39.0540 O   0  0  0  0  0
    8.6840   42.4340  -44.5370 CL  0  0  0  0  0
   12.2720   37.6790  -35.5460 H   0  0  0  0  0
   11.6350   39.3570  -35.4840 H   0  0  0  0  0
    9.3470   38.4970  -35.9050 H   0  0  0  0  0
    9.9970   36.8240  -35.9870 H   0  0  0  0  0
   12.6070   39.2850  -31.8990 H   0  0  0  0  0
   14.4020   39.6060  -30.2350 H   0  0  0  0  0
   15.5240   35.5050  -30.6410 H   0  0  0  0  0
   13.7340   35.1830  -32.3020 H   0  0  0  0  0
   11.4340   39.0710  -33.2640 H   0  0  0  0  0
   10.0720   37.9540  -33.6180 H   0  0  0  0  0
   11.2690   39.7080  -38.2650 H   0  0  0  0  0
   10.4860   40.0100  -36.6770 H   0  0  0  0  0
    9.3560   40.8800  -38.8030 H   0  0  0  0  0
    8.3620   40.0290  -37.5730 H   0  0  0  0  0
    8.7350   37.0740  -40.0860 H   0  0  0  0  0
   10.2850   37.9810  -40.0420 H   0  0  0  0  0
    8.7130   36.9960  -37.6130 H   0  0  0  0  0
   10.1860   36.2280  -38.2940 H   0  0  0  0  0
   10.7860   39.7030  -41.0330 H   0  0  0  0  0
   10.8150   41.0440  -43.1050 H   0  0  0  0  0
    6.6010   41.6580  -42.7470 H   0  0  0  0  0
    6.5800   40.3060  -40.6940 H   0  0  0  0  0
    7.2460   38.2350  -38.2550 H   0  0  0  0  0
  1 10  1  0  0  0
  1 27  1  0  0  0
  1 28  1  0  0  0
  2  1  1  0  0  0
  2 29  1  0  0  0
  2 30  1  0  0  0
  3  4  2  0  0  0
  3 31  1  0  0  0
  4  5  1  0  0  0
  4 32  1  0  0  0
  5 22  1  0  0  0
  6  5  2  0  0  0
  6 33  1  0  0  0
  7  6  1  0  0  0
  7 34  1  0  0  0
  8  7  2  0  0  0
  8  3  1  0  0  0
  9  8  1  0  0  0
 10  9  1  0  0  0
 10 35  1  0  0  0
 10 36  1  0  0  0
 11 23  1  0  0  0
 11 37  1  0  0  0
 11 38  1  0  0  0
 12 11  1  0  0  0
 12 39  1  0  0  0
 12 40  1  0  0  0
 13 25  1  0  0  0
 13 12  1  0  0  0
 14 13  1  0  0  0
 14 15  1  0  0  0
 14 41  1  0  0  0
 14 42  1  0  0  0
 15 23  1  0  0  0
 15 43  1  0  0  0
 15 44  1  0  0  0
 16 13  1  0  0  0
 17 16  2  0  0  0
 17 45  1  0  0  0
 18 17  1  0  0  0
 18 46  1  0  0  0
 19 18  2  0  0  0
 19 20  1  0  0  0
 20 21  2  0  0  0
 20 47  1  0  0  0
 21 16  1  0  0  0
 21 48  1  0  0  0
 23  2  1  0  0  0
 24  9  2  0  0  0
 25 49  1  0  0  0
 26 19  1  0  0  0
M  END
$$$$
