CC9
  CCTOOLS-0823191006

 47 48  0  0  0  0  0  0  0  0999 V2000
   23.4820   15.8250   57.3110 O   0  0  0  0  0
   23.8600   16.9790   56.9020 C   0  0  0  0  0
   23.3330   17.5830   55.8610 C   0  0  0  0  0
   22.3400   17.2890   55.1920 C   0  0  0  0  0
   21.9170   18.2790   54.2090 C   0  0  0  0  0
   20.7710   17.9560   53.4810 C   0  0  0  0  0
   20.4100   18.8500   52.4770 C   0  0  0  0  0
   19.3000   18.5280   51.7120 O   0  0  0  0  0
   19.4120   17.6100   50.6050 C   0  0  0  0  0
   21.1680   20.0440   52.2570 C   0  0  0  0  0
   20.7980   20.9500   51.2840 O   0  0  0  0  0
   22.3030   20.3460   53.0350 C   0  0  0  0  0
   22.6540   19.4700   54.0140 C   0  0  0  0  0
   25.1000   17.8270   57.2090 C   0  0  0  0  0
   25.3190   19.0750   58.0940 C   0  0  0  0  0
   24.9200   20.2840   58.2860 O   0  0  0  0  0
   26.3660   18.5570   58.6370 C   0  0  0  0  0
   27.0960   18.9130   59.5560 C   0  0  0  0  0
   28.0650   17.9090   59.8590 C   0  0  0  0  0
   28.0440   16.7340   59.1270 C   0  0  0  0  0
   28.9080   15.6780   59.2160 C   0  0  0  0  0
   28.5470   14.5810   58.4000 O   0  0  0  0  0
   29.1010   14.1330   57.1530 C   0  0  0  0  0
   29.7720   15.8880   60.2470 C   0  0  0  0  0
   30.7550   15.0770   60.6270 O   0  0  0  0  0
   29.8830   17.1260   60.9120 C   0  0  0  0  0
   29.0840   18.1710   60.7150 C   0  0  0  0  0
   23.8500   18.4760   55.5420 H   0  0  0  0  0
   21.8150   16.3550   55.3260 H   0  0  0  0  0
   20.1970   17.0640   53.6850 H   0  0  0  0  0
   18.4280   17.4870   50.1290 H   0  0  0  0  0
   20.1270   18.0080   49.8700 H   0  0  0  0  0
   19.7660   16.6350   50.9720 H   0  0  0  0  0
   21.4100   21.6770   51.2780 H   0  0  0  0  0
   22.8760   21.2440   52.8590 H   0  0  0  0  0
   23.5020   19.6850   54.6470 H   0  0  0  0  0
   25.8150   17.0970   57.6160 H   0  0  0  0  0
   25.4370   18.1560   56.2150 H   0  0  0  0  0
   26.6610   17.6180   58.1920 H   0  0  0  0  0
   27.0160   19.8600   60.0680 H   0  0  0  0  0
   27.2510   16.6400   58.4000 H   0  0  0  0  0
   28.5590   13.2390   56.8110 H   0  0  0  0  0
   29.0040   14.9300   56.4010 H   0  0  0  0  0
   30.1640   13.8870   57.2920 H   0  0  0  0  0
   31.2090   15.4550   61.3710 H   0  0  0  0  0
   30.6770   17.2340   61.6360 H   0  0  0  0  0
   29.2320   19.1300   61.1880 H   0  0  0  0  0
  2 14  1  0  0  0
  2  1  2  0  0  0
  3  2  1  0  0  0
  3 28  1  0  0  0
  4  3  2  0  0  0
  4 29  1  0  0  0
  5  4  1  0  0  0
  6  5  2  0  0  0
  6 30  1  0  0  0
  7  6  1  0  0  0
  8  7  1  0  0  0
  9  8  1  0  0  0
  9 31  1  0  0  0
  9 32  1  0  0  0
  9 33  1  0  0  0
 10  7  2  0  0  0
 10 12  1  0  0  0
 11 10  1  0  0  0
 11 34  1  0  0  0
 12 13  2  0  0  0
 12 35  1  0  0  0
 13  5  1  0  0  0
 13 36  1  0  0  0
 14 15  1  0  0  0
 14 37  1  0  0  0
 14 38  1  0  0  0
 15 16  2  0  0  0
 15 17  1  0  0  0
 17 18  2  0  0  0
 17 39  1  0  0  0
 18 19  1  0  0  0
 18 40  1  0  0  0
 19 27  2  0  0  0
 20 21  2  0  0  0
 20 19  1  0  0  0
 20 41  1  0  0  0
 21 24  1  0  0  0
 22 21  1  0  0  0
 23 22  1  0  0  0
 23 42  1  0  0  0
 23 43  1  0  0  0
 23 44  1  0  0  0
 24 25  1  0  0  0
 24 26  2  0  0  0
 25 45  1  0  0  0
 26 46  1  0  0  0
 27 26  1  0  0  0
 27 47  1  0  0  0
M  END
$$$$
