6U9
  CCTOOLS-0824161044

 56 57  0  0  1  0  0  0  0  0999 V2000
   -4.4110  134.5270   18.2580 C   0  0  0  0  0
   -5.3080  134.2870   17.0730 C   0  0  0  0  0
   -7.7010  131.3520   16.6250 C   0  0  0  0  0
  -12.1650  131.6240   10.5350 C   0  0  0  0  0
  -10.8970  131.0110   10.5940 O   0  0  0  0  0
   -9.8070  131.7810   11.1180 C   0  0  0  0  0
   -9.8120  131.8570   12.6660 C   0  0  0  0  0
   -8.4910  132.1060   13.1660 O   0  0  0  0  0
   -8.5190  132.8680   14.3140 C   0  0  0  0  0
   -9.6190  133.1450   14.8330 O   0  0  0  0  0
   -7.2330  133.2480   15.0780 C   0  0  0  0  0
   -7.0600  132.6000   16.3580 C   0  0  0  0  0
   -5.8610  132.9280   17.1280 N   0  0  0  0  0
   -5.4780  135.0960   15.8890 C   0  0  0  0  0
   -6.5060  134.5880   14.7860 C   0  0  0  0  0
   -5.7920  134.5460   13.2600 C   0  0  0  0  0
   -5.5590  135.6870   12.5580 C   0  0  0  0  0
   -4.8640  135.6630   11.2920 C   0  0  0  0  0
   -4.4720  134.4250   10.7990 C   0  0  0  0  0
   -4.7320  133.2550   11.5400 C   0  0  0  0  0
   -5.3650  133.3520   12.7790 C   0  0  0  0  0
   -4.5540  136.8830   10.4460 N   0  3  0  0  0
   -5.2150  138.1170   10.8070 O   0  5  0  0  0
   -3.7830  136.9200    9.4630 O   0  0  0  0  0
   -5.0690  136.6590   15.8010 C   0  0  0  0  0
   -5.5590  137.2690   14.9080 O   0  0  0  0  0
   -4.3690  137.4400   16.7750 O   0  0  0  0  0
   -3.9720  138.8640   16.6420 C   0  0  0  0  0
   -4.5010  139.8050   17.7670 C   0  0  0  0  0
   -2.4510  138.9200   16.7980 C   0  0  0  0  0
   -4.5320  133.7080   18.9820 H   0  0  0  0  0
   -3.3640  134.5680   17.9230 H   0  0  0  0  0
   -4.6810  135.4810   18.7350 H   0  0  0  0  0
   -7.4510  131.0210   17.6440 H   0  0  0  0  0
   -8.7910  131.4730   16.5360 H   0  0  0  0  0
   -7.3560  130.6000   15.9000 H   0  0  0  0  0
  -12.8950  130.9170   10.1140 H   0  0  0  0  0
  -12.4790  131.9150   11.5480 H   0  0  0  0  0
  -12.1110  132.5180    9.8970 H   0  0  0  0  0
   -8.8630  131.3200   10.7920 H   0  0  0  0  0
   -9.8740  132.8030   10.7160 H   0  0  0  0  0
  -10.4780  132.6720   12.9850 H   0  0  0  0  0
  -10.1780  130.9030   13.0730 H   0  0  0  0  0
   -5.4190  132.2290   17.6900 H   0  0  0  0  0
   -7.2870  135.3600   14.7180 H   0  0  0  0  0
   -5.9010  136.6310   12.9550 H   0  0  0  0  0
   -3.9670  134.3590    9.8460 H   0  0  0  0  0
   -4.4430  132.2900   11.1510 H   0  0  0  0  0
   -5.5180  132.4590   13.3670 H   0  0  0  0  0
   -4.2660  139.2600   15.6590 H   0  0  0  0  0
   -4.1550  140.8320   17.5790 H   0  0  0  0  0
   -5.6010  139.7850   17.7750 H   0  0  0  0  0
   -4.1210  139.4620   18.7410 H   0  0  0  0  0
   -2.1110  139.9620   16.7060 H   0  0  0  0  0
   -2.1690  138.5280   17.7870 H   0  0  0  0  0
   -1.9790  138.3100   16.0140 H   0  0  0  0  0
  1 31  1  0  0  0
  1 32  1  0  0  0
  1 33  1  0  0  0
  2 13  1  0  0  0
  2  1  1  0  0  0
  3 34  1  0  0  0
  3 35  1  0  0  0
  3 36  1  0  0  0
  4  5  1  0  0  0
  4 37  1  0  0  0
  4 38  1  0  0  0
  4 39  1  0  0  0
  5  6  1  0  0  0
  6  7  1  0  0  0
  6 40  1  0  0  0
  6 41  1  0  0  0
  7  8  1  0  0  0
  7 42  1  0  0  0
  7 43  1  0  0  0
  8  9  1  0  0  0
  9 10  2  0  0  0
  9 11  1  0  0  0
 11 12  2  0  0  0
 12  3  1  0  0  0
 12 13  1  0  0  0
 13 44  1  0  0  0
 14  2  2  0  0  0
 15 11  1  0  0  0
 15 14  1  0  0  0
 15 45  1  0  0  0
 16 15  1  0  0  0
 17 16  2  0  0  0
 17 46  1  0  0  0
 18 17  1  0  0  0
 19 18  2  0  0  0
 19 20  1  0  0  0
 19 47  1  0  0  0
 20 21  2  0  0  0
 20 48  1  0  0  0
 21 16  1  0  0  0
 21 49  1  0  0  0
 22 23  1  0  0  0
 22 18  1  0  0  0
 24 22  2  0  0  0
 25 14  1  0  0  0
 25 27  1  0  0  0
 26 25  2  0  0  0
 28 27  1  0  0  0
 28 30  1  0  0  0
 28 29  1  0  0  0
 28 50  1  0  0  0
 29 51  1  0  0  0
 29 52  1  0  0  0
 29 53  1  0  0  0
 30 54  1  0  0  0
 30 55  1  0  0  0
 30 56  1  0  0  0
M  CHG  1  22   1
M  CHG  1  23  -1
M  END
$$$$
