C7H
  CCTOOLS-0422161212

 43 46  0  0  0  0  0  0  0  0999 V2000
   33.9240   -3.5310   15.5490 N   0  0  0  0  0
   36.2760   -3.7720   14.9930 C   0  0  0  0  0
   35.2780   -3.1700   15.9720 C   0  0  0  0  0
   32.9430   -2.7350   16.3010 C   0  0  0  0  0
   33.7480   -4.9610   15.8350 C   0  0  0  0  0
   34.6540   -5.7690   14.9010 C   0  0  0  0  0
   36.0930   -5.2700   14.8910 C   0  0  0  0  0
   37.1570   -6.1090   14.7800 C   0  0  0  0  0
   38.5710   -5.5950   14.7620 C   0  0  0  0  0
   39.0190   -4.7680   13.7280 C   0  0  0  0  0
   40.3170   -4.2830   13.7050 C   0  0  0  0  0
   41.1920   -4.6440   14.7180 C   0  0  0  0  0
   40.7610   -5.4840   15.7410 C   0  0  0  0  0
   39.4580   -5.9690   15.7620 C   0  0  0  0  0
   39.0740   -6.8560   16.8900 C   0  0  0  0  0
   38.2630   -7.9150   16.8280 C   0  0  0  0  0
   37.5450   -8.4340   15.6360 C   0  0  0  0  0
   37.0000   -7.6020   14.6660 C   0  0  0  0  0
   36.3370   -8.1650   13.5690 C   0  0  0  0  0
   36.1860   -9.5410   13.4600 C   0  0  0  0  0
   36.7200  -10.3640   14.4440 C   0  0  0  0  0
   37.3910   -9.8120   15.5280 C   0  0  0  0  0
   37.2970   -3.5560   15.3410 H   0  0  0  0  0
   36.1240   -3.3220   14.0010 H   0  0  0  0  0
   35.4670   -3.5640   16.9810 H   0  0  0  0  0
   35.3830   -2.0750   15.9800 H   0  0  0  0  0
   33.0870   -1.6680   16.0770 H   0  0  0  0  0
   31.9260   -3.0370   16.0100 H   0  0  0  0  0
   33.0820   -2.9050   17.3790 H   0  0  0  0  0
   32.6980   -5.2450   15.6680 H   0  0  0  0  0
   34.0210   -5.1650   16.8810 H   0  0  0  0  0
   34.2530   -5.7030   13.8790 H   0  0  0  0  0
   34.6490   -6.8190   15.2290 H   0  0  0  0  0
   38.3400   -4.5020   12.9310 H   0  0  0  0  0
   40.6430   -3.6320   12.9080 H   0  0  0  0  0
   42.2070   -4.2740   14.7130 H   0  0  0  0  0
   41.4470   -5.7620   16.5280 H   0  0  0  0  0
   39.4930   -6.6210   17.8570 H   0  0  0  0  0
   38.1120   -8.4560   17.7500 H   0  0  0  0  0
   35.9380   -7.5220   12.7990 H   0  0  0  0  0
   35.6590   -9.9670   12.6190 H   0  0  0  0  0
   36.6130  -11.4360   14.3660 H   0  0  0  0  0
   37.7960  -10.4580   16.2930 H   0  0  0  0  0
  1  5  1  0  0  0
  1  3  1  0  0  0
  1  4  1  0  0  0
  2  3  1  0  0  0
  2 23  1  0  0  0
  2 24  1  0  0  0
  3 25  1  0  0  0
  3 26  1  0  0  0
  4 27  1  0  0  0
  4 28  1  0  0  0
  4 29  1  0  0  0
  5 30  1  0  0  0
  5 31  1  0  0  0
  6  5  1  0  0  0
  6 32  1  0  0  0
  6 33  1  0  0  0
  7  6  1  0  0  0
  7  2  1  0  0  0
  8  7  2  0  0  0
  9  8  1  0  0  0
  9 14  2  0  0  0
 10  9  1  0  0  0
 10 34  1  0  0  0
 11 10  2  0  0  0
 11 12  1  0  0  0
 11 35  1  0  0  0
 12 13  2  0  0  0
 12 36  1  0  0  0
 13 14  1  0  0  0
 13 37  1  0  0  0
 14 15  1  0  0  0
 15 38  1  0  0  0
 16 15  2  0  0  0
 16 39  1  0  0  0
 17 16  1  0  0  0
 18  8  1  0  0  0
 18 17  2  0  0  0
 19 18  1  0  0  0
 19 40  1  0  0  0
 20 19  2  0  0  0
 20 21  1  0  0  0
 20 41  1  0  0  0
 21 22  2  0  0  0
 21 42  1  0  0  0
 22 17  1  0  0  0
 22 43  1  0  0  0
M  END
$$$$
