7V7
  CCTOOLS-0929170957

 53 55  0  0  0  0  0  0  0  0999 V2000
  -30.2360    7.8030  -16.1040 C   0  0  0  0  0
  -32.5660    7.0470  -17.7210 C   0  0  0  0  0
  -33.2280    6.7190  -20.1140 C   0  0  0  0  0
  -35.5490    6.5030  -20.7300 C   0  0  0  0  0
  -28.1940    9.6810  -12.7730 C   0  0  0  0  0
  -27.6040    8.5490  -12.2000 C   0  0  0  0  0
  -27.9420    8.1670  -10.8910 C   0  0  0  0  0
  -29.4250   10.0230  -10.7100 C   0  0  0  0  0
  -26.7670   10.9030  -14.3820 C   0  0  0  0  0
  -25.8540   11.3680  -13.2760 C   0  0  0  0  0
  -25.2110   12.6970  -13.6490 C   0  0  0  0  0
  -28.8060    9.6470  -15.1950 C   0  0  0  0  0
  -29.9970   10.5860  -15.3590 C   0  0  0  0  0
  -30.8980   10.1860  -16.5040 C   0  0  0  0  0
  -29.3700    8.2280  -14.9420 C   0  0  0  0  0
  -31.9300    8.4330  -17.8040 C   0  0  0  0  0
  -33.5970    6.8530  -18.7750 C   0  0  0  0  0
  -34.2060    6.5430  -21.0880 C   0  0  0  0  0
  -35.9140    6.6390  -19.3970 C   0  0  0  0  0
  -34.9390    6.8150  -18.4210 C   0  0  0  0  0
  -28.8490    8.9000  -10.1380 C   0  0  0  0  0
  -29.1040   10.4000  -12.0100 C   0  0  0  0  0
  -27.8790   10.0970  -14.1140 N   0  0  0  0  0
  -31.3390    8.7640  -16.4540 N   0  0  0  0  0
  -26.4860   11.2570  -15.5210 O   0  0  0  0  0
  -30.6930    6.8340  -15.8540 H   0  0  0  0  0
  -29.5910    7.6870  -16.9870 H   0  0  0  0  0
  -33.0380    6.9290  -16.7340 H   0  0  0  0  0
  -31.7810    6.2860  -17.8450 H   0  0  0  0  0
  -32.1850    6.7520  -20.3940 H   0  0  0  0  0
  -36.3070    6.3660  -21.4870 H   0  0  0  0  0
  -26.8890    7.9690  -12.7640 H   0  0  0  0  0
  -27.4870    7.2860  -10.4620 H   0  0  0  0  0
  -30.1300   10.6110  -10.1410 H   0  0  0  0  0
  -26.4370   11.4930  -12.3520 H   0  0  0  0  0
  -25.0670   10.6160  -13.1140 H   0  0  0  0  0
  -24.5480   13.0250  -12.8350 H   0  0  0  0  0
  -24.6250   12.5750  -14.5720 H   0  0  0  0  0
  -25.9950   13.4510  -13.8100 H   0  0  0  0  0
  -28.2520    9.6260  -16.1450 H   0  0  0  0  0
  -29.6210   11.6030  -15.5450 H   0  0  0  0  0
  -30.5840   10.5770  -14.4290 H   0  0  0  0  0
  -30.3540   10.3470  -17.4460 H   0  0  0  0  0
  -31.7920   10.8270  -16.4820 H   0  0  0  0  0
  -29.9720    8.2340  -14.0220 H   0  0  0  0  0
  -28.5360    7.5190  -14.8300 H   0  0  0  0  0
  -31.1380    8.4340  -18.5670 H   0  0  0  0  0
  -32.6950    9.1780  -18.0680 H   0  0  0  0  0
  -33.9210    6.4370  -22.1240 H   0  0  0  0  0
  -36.9570    6.6080  -19.1180 H   0  0  0  0  0
  -35.2260    6.9220  -17.3850 H   0  0  0  0  0
  -29.1000    8.6020   -9.1310 H   0  0  0  0  0
  -29.5740   11.2740  -12.4360 H   0  0  0  0  0
  1 15  1  0  0  0
  1 26  1  0  0  0
  1 27  1  0  0  0
  2 28  1  0  0  0
  2 29  1  0  0  0
  3 17  2  0  0  0
  3 30  1  0  0  0
  4 19  1  0  0  0
  4 31  1  0  0  0
  5  6  2  0  0  0
  5 22  1  0  0  0
  6  7  1  0  0  0
  6 32  1  0  0  0
  7 21  2  0  0  0
  7 33  1  0  0  0
  8 21  1  0  0  0
  8 34  1  0  0  0
  9 23  1  0  0  0
  9 10  1  0  0  0
 10 35  1  0  0  0
 10 36  1  0  0  0
 11 10  1  0  0  0
 11 37  1  0  0  0
 11 38  1  0  0  0
 11 39  1  0  0  0
 12 15  1  0  0  0
 12 23  1  0  0  0
 12 40  1  0  0  0
 13 12  1  0  0  0
 13 41  1  0  0  0
 13 42  1  0  0  0
 14 24  1  0  0  0
 14 13  1  0  0  0
 14 43  1  0  0  0
 14 44  1  0  0  0
 15 45  1  0  0  0
 15 46  1  0  0  0
 16  2  1  0  0  0
 16 24  1  0  0  0
 16 47  1  0  0  0
 16 48  1  0  0  0
 17 20  1  0  0  0
 17  2  1  0  0  0
 18  4  2  0  0  0
 18  3  1  0  0  0
 18 49  1  0  0  0
 19 20  2  0  0  0
 19 50  1  0  0  0
 20 51  1  0  0  0
 21 52  1  0  0  0
 22  8  2  0  0  0
 22 53  1  0  0  0
 23  5  1  0  0  0
 24  1  1  0  0  0
 25  9  2  0  0  0
M  END
$$$$
