IL2
  CCTOOLS-1118111125

 58 59  0  0  1  0  0  0  0  0999 V2000
    3.1580   -1.0870   30.0940 C   0  0  0  0  0
    3.5030    1.8590   27.9200 O   0  0  0  0  0
    2.9290   -1.6040   28.6830 C   0  0  0  0  0
    4.8690    3.5150   32.7430 O   0  0  0  0  0
    3.3190    0.4110   29.9440 C   0  0  0  0  0
   -2.1300   -1.2520   26.3950 O   0  0  0  0  0
    3.4390   -0.5460   27.7160 C   0  0  0  0  0
   -0.6880    0.3950   26.0760 O   0  0  0  0  0
    3.9220    0.6320   28.5530 C   0  0  0  0  0
    1.9520   -1.4630   30.9430 C   0  0  0  0  0
    1.4320   -1.8400   28.4960 C   0  0  0  0  0
    0.8940   -1.6540   29.8890 C   0  0  0  0  0
    4.1460    0.9580   31.0820 C   0  0  0  0  0
   -0.4160   -1.6190   30.1460 C   0  0  0  0  0
    3.5020    1.7070   31.9730 C   0  0  0  0  0
   -1.3610   -1.8150   28.9890 C   0  0  0  0  0
    4.1540    2.3400   33.1790 C   0  0  0  0  0
   -2.3880   -0.6960   28.9910 C   0  0  0  0  0
    3.0370    2.7710   34.1340 C   0  0  0  0  0
   -1.9180    0.4270   28.0890 C   0  0  0  0  0
    3.0620    2.0760   35.4860 C   0  0  0  0  0
    3.0650    4.2830   34.3270 C   0  0  0  0  0
   -1.5550   -0.1890   26.7610 C   0  0  0  0  0
    2.6200    3.0580   36.5040 C   0  0  0  0  0
    2.3010    3.8340   37.3360 C   0  0  0  0  0
    1.9350    4.7740   38.4140 C   0  0  0  0  0
    4.0430   -1.5120   30.5900 H   0  0  0  0  0
    3.9120    1.9310   27.0660 H   0  0  0  0  0
    3.4600   -2.5500   28.5000 H   0  0  0  0  0
    5.2870    3.9270   33.4900 H   0  0  0  0  0
    2.3680    0.9610   30.0060 H   0  0  0  0  0
   -1.7990   -1.5150   25.5440 H   0  0  0  0  0
    4.2660   -0.9490   27.1120 H   0  0  0  0  0
    2.6320   -0.2270   27.0400 H   0  0  0  0  0
    5.0160    0.7050   28.6410 H   0  0  0  0  0
    2.1250   -2.3770   31.5300 H   0  0  0  0  0
    1.6860   -0.6740   31.6620 H   0  0  0  0  0
    0.9900   -1.1240   27.7880 H   0  0  0  0  0
    1.2220   -2.8470   28.1080 H   0  0  0  0  0
    5.2030    0.7530   31.1680 H   0  0  0  0  0
   -0.7850   -1.4560   31.1480 H   0  0  0  0  0
    2.4450    1.8730   31.8240 H   0  0  0  0  0
   -0.7970   -1.7960   28.0450 H   0  0  0  0  0
   -1.8710   -2.7840   29.0900 H   0  0  0  0  0
    4.8430    1.6390   33.6730 H   0  0  0  0  0
   -3.3500   -1.0820   28.6240 H   0  0  0  0  0
   -2.5120   -0.3150   30.0150 H   0  0  0  0  0
    2.0980    2.4600   33.6520 H   0  0  0  0  0
   -2.7190    1.1700   27.9580 H   0  0  0  0  0
   -1.0420    0.9270   28.5290 H   0  0  0  0  0
    2.3850    1.2090   35.4780 H   0  0  0  0  0
    4.0810    1.7290   35.7130 H   0  0  0  0  0
    2.2590    4.5800   35.0140 H   0  0  0  0  0
    4.0360    4.5810   34.7500 H   0  0  0  0  0
    2.9200    4.7790   33.3560 H   0  0  0  0  0
    1.2610    5.5460   38.0150 H   0  0  0  0  0
    1.4270    4.2260   39.2210 H   0  0  0  0  0
    2.8440    5.2500   38.8090 H   0  0  0  0  0
  1 10  1  0  0  0
  1 27  1  0  0  0
  2  9  1  0  0  0
  2 28  1  0  0  0
  3  1  1  0  0  0
  3 29  1  0  0  0
  4 17  1  0  0  0
  4 30  1  0  0  0
  5  1  1  0  0  0
  5 13  1  0  0  0
  5 31  1  0  0  0
  6 23  1  0  0  0
  6 32  1  0  0  0
  7  3  1  0  0  0
  7  9  1  0  0  0
  7 33  1  0  0  0
  7 34  1  0  0  0
  8 23  2  0  0  0
  9  5  1  0  0  0
  9 35  1  0  0  0
 10 36  1  0  0  0
 10 37  1  0  0  0
 11  3  1  0  0  0
 11 12  1  0  0  0
 11 38  1  0  0  0
 11 39  1  0  0  0
 12 10  1  0  0  0
 12 14  2  0  0  0
 13 15  2  0  0  0
 13 40  1  0  0  0
 14 41  1  0  0  0
 15 17  1  0  0  0
 15 42  1  0  0  0
 16 14  1  0  0  0
 16 18  1  0  0  0
 16 43  1  0  0  0
 16 44  1  0  0  0
 17 19  1  0  0  0
 17 45  1  0  0  0
 18 46  1  0  0  0
 18 47  1  0  0  0
 19 22  1  0  0  0
 19 21  1  0  0  0
 19 48  1  0  0  0
 20 18  1  0  0  0
 20 49  1  0  0  0
 20 50  1  0  0  0
 21 24  1  0  0  0
 21 51  1  0  0  0
 21 52  1  0  0  0
 22 53  1  0  0  0
 22 54  1  0  0  0
 22 55  1  0  0  0
 23 20  1  0  0  0
 24 25  3  0  0  0
 25 26  1  0  0  0
 26 56  1  0  0  0
 26 57  1  0  0  0
 26 58  1  0  0  0
M  END
$$$$
