DEX
  -ISIS-            3D

 57 60  0  0  0  0  0  0  0  0  0
   30.8150    6.8380    9.6380 C   0  0  0  0  0
   31.0790    7.5730    8.5640 C   0  0  0  0  0
   32.3500    8.3670    8.5490 C   0  0  0  0  0
   33.1920    8.3840    9.7900 C   0  0  0  0  0
   32.8600    7.6260   10.8320 C   0  0  0  0  0
   33.7450    7.7080   12.0400 C   0  0  0  0  0
   32.8990    8.0240   13.2700 C   0  0  0  0  0
   31.6540    7.1500   13.3840 C   0  0  0  0  0
   30.8260    7.0610   12.1020 C   0  0  0  0  0
   31.6650    6.7140   10.8710 C   0  0  0  0  0
   29.4930    6.3260   12.2370 C   0  0  0  0  0
   28.7280    6.5700   13.5340 C   0  0  0  0  0
   29.6260    6.4770   14.7670 C   0  0  0  0  0
   30.7830    7.4620   14.5980 C   0  0  0  0  0
   31.3930    7.6320   15.9860 C   0  0  0  0  0
   30.2030    7.4630   16.9260 C   0  0  0  0  0
   29.0230    7.0530   16.0480 C   0  0  0  0  0
   30.0650    5.0310   14.9890 C   0  0  0  0  0
   32.1830    5.2780   10.8610 C   0  0  0  0  0
   28.0530    6.1170   16.7520 C   0  0  0  0  0
   26.5460    6.3020   16.6910 C   0  0  0  0  0
   30.0040    8.7080   17.7840 C   0  0  0  0  0
   30.4060    8.3410   11.8910 F   0  0  0  0  0
   32.6900    8.9850    7.5430 O   0  0  0  0  0
   29.7060    4.9240   12.1580 O   0  0  0  0  0
   28.3010    8.2390   15.7480 O   0  0  0  0  0
   28.4710    5.1550   17.3930 O   0  0  0  0  0
   25.9300    5.1110   16.2250 O   0  0  0  0  0
   29.8820    6.2760    9.5990 H   0  0  0  0  0
   30.3970    7.6030    7.7140 H   0  0  0  0  0
   34.0660    9.0330    9.8100 H   0  0  0  0  0
   34.5430    8.4680   11.9650 H   0  0  0  0  0
   34.2520    6.7420   12.2080 H   0  0  0  0  0
   32.5330    9.0650   13.2230 H   0  0  0  0  0
   33.5040    7.9520   14.1900 H   0  0  0  0  0
   32.0470    6.1330   13.5660 H   0  0  0  0  0
   28.8320    6.5640   11.3860 H   0  0  0  0  0
   27.8660    5.8850   13.5970 H   0  0  0  0  0
   28.2770    7.5730   13.4320 H   0  0  0  0  0
   30.3750    8.4540   14.3320 H   0  0  0  0  0
   31.9150    8.6020   16.0590 H   0  0  0  0  0
   32.1620    6.8500   16.1180 H   0  0  0  0  0
   30.4680    6.6140   17.5800 H   0  0  0  0  0
   30.6450    4.9210   15.9220 H   0  0  0  0  0
   29.2130    4.3280   15.0450 H   0  0  0  0  0
   30.7540    4.6550   14.2100 H   0  0  0  0  0
   32.5990    5.0090   11.8490 H   0  0  0  0  0
   31.3880    4.5320   10.6840 H   0  0  0  0  0
   33.0010    5.1150   10.1370 H   0  0  0  0  0
   26.3060    7.1340   16.0070 H   0  0  0  0  0
   26.1710    6.5840   17.6910 H   0  0  0  0  0
   29.0880    8.5910   18.3890 H   0  0  0  0  0
   30.8740    8.8720   18.4460 H   0  0  0  0  0
   29.8790    9.5900   17.1320 H   0  0  0  0  0
   29.0540    4.4910   12.7130 H   0  0  0  0  0
   28.2910    8.7750   16.5450 H   0  0  0  0  0
   24.9970    5.3250   16.1490 H   0  0  0  0  0
  1  2  2  0  0  0
  1 10  1  0  0  0
  1 29  1  0  0  0
  2  3  1  0  0  0
  2 30  1  0  0  0
  3  4  1  0  0  0
  3 24  2  0  0  0
  4  5  2  0  0  0
  4 31  1  0  0  0
  5  6  1  0  0  0
  5 10  1  0  0  0
  6  7  1  0  0  0
  6 32  1  0  0  0
  6 33  1  0  0  0
  7  8  1  0  0  0
  7 34  1  0  0  0
  7 35  1  0  0  0
  8  9  1  0  0  0
  8 14  1  0  0  0
  8 36  1  0  0  0
  9 10  1  0  0  0
  9 11  1  0  0  0
  9 23  1  0  0  0
 10 19  1  0  0  0
 11 12  1  0  0  0
 11 25  1  0  0  0
 11 37  1  0  0  0
 12 13  1  0  0  0
 12 38  1  0  0  0
 12 39  1  0  0  0
 13 14  1  0  0  0
 13 17  1  0  0  0
 13 18  1  0  0  0
 14 15  1  0  0  0
 14 40  1  0  0  0
 15 16  1  0  0  0
 15 41  1  0  0  0
 15 42  1  0  0  0
 16 17  1  0  0  0
 16 22  1  0  0  0
 16 43  1  0  0  0
 17 20  1  0  0  0
 17 26  1  0  0  0
 18 44  1  0  0  0
 18 45  1  0  0  0
 18 46  1  0  0  0
 19 47  1  0  0  0
 19 48  1  0  0  0
 19 49  1  0  0  0
 20 21  1  0  0  0
 20 27  2  0  0  0
 21 28  1  0  0  0
 21 50  1  0  0  0
 21 51  1  0  0  0
 22 52  1  0  0  0
 22 53  1  0  0  0
 22 54  1  0  0  0
 25 55  1  0  0  0
 26 56  1  0  0  0
 28 57  1  0  0  0
M  END
$$$$
