LSN
  CCTOOLS-1020171020

 53 56  0  0  0  0  0  0  0  0999 V2000
   26.2020    6.2390   28.5780 CL  0  0  0  0  0
   25.9380    7.5920   29.6740 C   0  0  0  0  0
   24.8040    8.6660   29.5530 C   0  0  0  0  0
   23.7750    8.8530   28.4380 C   0  0  0  0  0
   24.1930    9.7470   27.4140 O   0  0  0  0  0
   26.9350    8.0100   30.6390 N   0  0  0  0  0
   26.3730    9.1550   31.2950 C   0  0  0  0  0
   27.1620    9.8680   32.3820 C   0  0  0  0  0
   27.7700    8.8690   33.3790 C   0  0  0  0  0
   26.8910    7.6670   33.7410 C   0  0  0  0  0
   27.1280    7.1930   35.1510 C   0  0  0  0  0
   25.2700    9.6530   30.4660 N   0  0  0  0  0
   24.4780   10.7990   30.6640 C   0  0  0  0  0
   25.0710   11.7790   29.6640 C   0  0  0  0  0
   26.5790   11.9810   29.4880 C   0  0  0  0  0
   27.0310   13.1740   28.6250 C   0  0  0  0  0
   24.0330   12.8050   29.3400 C   0  0  0  0  0
   24.4770   13.9410   28.4930 C   0  0  0  0  0
   25.9100   14.0510   28.0180 C   0  0  0  0  0
   26.2380   15.3520   27.2840 C   0  0  0  0  0
   25.5970   16.5740   27.8550 C   0  0  0  0  0
   25.9790   17.9020   27.2650 C   0  0  0  0  0
   27.1200   18.0000   26.2800 C   0  0  0  0  0
   27.8750   16.7750   25.8120 C   0  0  0  0  0
   27.5420   15.4790   26.5250 C   0  0  0  0  0
   28.1850   14.2180   25.9650 C   0  0  0  0  0
   27.4470   13.1980   25.2420 N   0  0  0  0  0
   29.5100   13.7930   26.3610 N   0  0  0  0  0
   29.5130   12.6310   25.7290 N   0  0  0  0  0
   28.3730   12.2810   25.0980 N   0  0  0  0  0
   22.8490    9.2450   28.8830 H   0  0  0  0  0
   23.5760    7.8720   27.9820 H   0  0  0  0  0
   23.5110    9.8170   26.7570 H   0  0  0  0  0
   27.9730   10.4460   31.9150 H   0  0  0  0  0
   26.4900   10.5500   32.9230 H   0  0  0  0  0
   28.7040    8.4850   32.9440 H   0  0  0  0  0
   27.9950    9.4140   34.3080 H   0  0  0  0  0
   25.8350    7.9560   33.6370 H   0  0  0  0  0
   27.1150    6.8430   33.0480 H   0  0  0  0  0
   26.4770    6.3320   35.3630 H   0  0  0  0  0
   28.1800    6.8940   35.2650 H   0  0  0  0  0
   26.9000    8.0070   35.8550 H   0  0  0  0  0
   24.5710   11.1750   31.6940 H   0  0  0  0  0
   23.4200   10.5950   30.4430 H   0  0  0  0  0
   27.2940   11.3160   29.9490 H   0  0  0  0  0
   28.0760   13.3870   28.4530 H   0  0  0  0  0
   23.0180   12.7250   29.7010 H   0  0  0  0  0
   23.7650   14.7020   28.2110 H   0  0  0  0  0
   24.8840   16.5060   28.6630 H   0  0  0  0  0
   25.4350   18.7910   27.5470 H   0  0  0  0  0
   27.4040   18.9700   25.9000 H   0  0  0  0  0
   28.6060   16.8210   25.0190 H   0  0  0  0  0
   30.3200   12.0410   25.7190 H   0  0  0  0  0
  1  2  1  0  0  0
  2  6  1  0  0  0
  3  2  2  0  0  0
  3 12  1  0  0  0
  4  3  1  0  0  0
  4 31  1  0  0  0
  4 32  1  0  0  0
  5  4  1  0  0  0
  5 33  1  0  0  0
  6  7  2  0  0  0
  7  8  1  0  0  0
  8  9  1  0  0  0
  8 34  1  0  0  0
  8 35  1  0  0  0
  9 10  1  0  0  0
  9 36  1  0  0  0
  9 37  1  0  0  0
 10 11  1  0  0  0
 10 38  1  0  0  0
 10 39  1  0  0  0
 11 40  1  0  0  0
 11 41  1  0  0  0
 11 42  1  0  0  0
 12 13  1  0  0  0
 12  7  1  0  0  0
 13 43  1  0  0  0
 13 44  1  0  0  0
 14 13  1  0  0  0
 15 14  1  0  0  0
 15 45  1  0  0  0
 16 15  2  0  0  0
 16 46  1  0  0  0
 17 14  2  0  0  0
 17 47  1  0  0  0
 18 17  1  0  0  0
 18 48  1  0  0  0
 19 18  2  0  0  0
 19 16  1  0  0  0
 20 21  2  0  0  0
 20 19  1  0  0  0
 21 49  1  0  0  0
 22 21  1  0  0  0
 22 50  1  0  0  0
 23 22  2  0  0  0
 23 51  1  0  0  0
 24 23  1  0  0  0
 24 25  2  0  0  0
 24 52  1  0  0  0
 25 20  1  0  0  0
 26 28  2  0  0  0
 26 25  1  0  0  0
 27 26  1  0  0  0
 29 28  1  0  0  0
 29 53  1  0  0  0
 30 27  2  0  0  0
 30 29  1  0  0  0
M  END
$$$$
