C9F
  CCTOOLS-0607190954

 55 57  0  0  1  0  0  0  0  0999 V2000
  169.8590  187.7340  167.7170 C   0  0  0  0  0
  172.6420  187.7180  168.6090 C   0  0  0  0  0
  168.6560  185.2730  168.2420 C   0  0  0  0  0
  165.2570  185.5580  163.7980 C   0  0  0  0  0
  167.3620  185.8710  172.0780 C   0  0  0  0  0
  168.2010  185.0840  172.9200 C   0  0  0  0  0
  167.9660  183.2420  171.3950 C   0  0  0  0  0
  165.3680  181.1790  169.3240 C   0  0  0  0  0
  163.9700  179.8360  167.9230 C   0  0  0  0  0
  165.7360  182.8470  167.2270 O   0  0  0  0  0
  166.0290  183.7090  167.9690 C   0  0  0  0  0
  166.6040  183.3180  169.2790 N   0  0  0  0  0
  167.1230  184.0300  170.5310 C   0  0  0  0  0
  166.8320  185.3390  170.9030 C   0  0  0  0  0
  165.7850  186.4060  169.8990 S   0  0  0  0  0
  166.3000  186.3750  168.1800 C   0  0  0  0  0
  167.8730  186.4250  168.0780 C   0  0  0  0  0
  168.4810  187.6450  167.8170 C   0  0  0  0  0
  170.6360  186.5940  167.8790 C   0  0  0  0  0
  172.0800  186.7010  167.7740 O   0  0  0  0  0
  170.0310  185.3620  168.1420 C   0  0  0  0  0
  165.7390  185.1440  167.4280 C   0  0  0  0  0
  166.2080  185.1960  166.1220 O   0  0  0  0  0
  165.2400  184.8790  165.1790 C   0  0  0  0  0
  164.3680  184.0620  165.4480 O   0  0  0  0  0
  168.4930  183.7650  172.5600 C   0  0  0  0  0
  166.7310  181.8460  169.4480 C   0  0  0  0  0
  165.2850  180.3740  168.0500 N   0  0  0  0  0
  166.2420  179.2870  168.0890 C   0  0  0  0  0
  170.3280  188.6860  167.5140 H   0  0  0  0  0
  173.7340  187.7400  168.4770 H   0  0  0  0  0
  172.2190  188.6950  168.3320 H   0  0  0  0  0
  172.4050  187.5010  169.6610 H   0  0  0  0  0
  168.1870  184.3220  168.4450 H   0  0  0  0  0
  164.4160  185.1850  163.1950 H   0  0  0  0  0
  165.1640  186.6470  163.9240 H   0  0  0  0  0
  166.2040  185.3270  163.2880 H   0  0  0  0  0
  167.1340  186.8900  172.3530 H   0  0  0  0  0
  168.6080  185.5030  173.8280 H   0  0  0  0  0
  168.1900  182.2210  171.1260 H   0  0  0  0  0
  164.5860  181.9530  169.3140 H   0  0  0  0  0
  165.2120  180.5110  170.1840 H   0  0  0  0  0
  163.2390  180.6570  167.8930 H   0  0  0  0  0
  163.9020  179.2500  166.9950 H   0  0  0  0  0
  163.7550  179.1850  168.7840 H   0  0  0  0  0
  165.8920  187.2880  167.7210 H   0  0  0  0  0
  167.8750  188.5300  167.6910 H   0  0  0  0  0
  170.6390  184.4780  168.2670 H   0  0  0  0  0
  164.6450  185.2560  167.4120 H   0  0  0  0  0
  169.1270  183.1580  173.1890 H   0  0  0  0  0
  167.4010  181.4480  168.6720 H   0  0  0  0  0
  167.1510  181.6300  170.4410 H   0  0  0  0  0
  167.2580  179.6960  168.1870 H   0  0  0  0  0
  166.0240  178.6370  168.9490 H   0  0  0  0  0
  166.1700  178.7020  167.1600 H   0  0  0  0  0
  1 18  2  0  0  0
  1 19  1  0  0  0
  1 30  1  0  0  0
  2 31  1  0  0  0
  2 32  1  0  0  0
  2 33  1  0  0  0
  3 34  1  0  0  0
  4 24  1  0  0  0
  4 35  1  0  0  0
  4 36  1  0  0  0
  4 37  1  0  0  0
  5  6  2  0  0  0
  5 38  1  0  0  0
  6 39  1  0  0  0
  7 26  2  0  0  0
  7 40  1  0  0  0
  8 27  1  0  0  0
  8 41  1  0  0  0
  8 42  1  0  0  0
  9 28  1  0  0  0
  9 43  1  0  0  0
  9 44  1  0  0  0
  9 45  1  0  0  0
 10 11  2  0  0  0
 11 12  1  0  0  0
 12 27  1  0  0  0
 12 13  1  0  0  0
 13 14  2  0  0  0
 13  7  1  0  0  0
 14  5  1  0  0  0
 15 14  1  0  0  0
 16 15  1  0  0  0
 16 46  1  0  0  0
 17 16  1  0  0  0
 17  3  2  0  0  0
 18 17  1  0  0  0
 18 47  1  0  0  0
 19 21  2  0  0  0
 20 19  1  0  0  0
 20  2  1  0  0  0
 21  3  1  0  0  0
 21 48  1  0  0  0
 22 11  1  0  0  0
 22 16  1  0  0  0
 22 49  1  0  0  0
 23 22  1  0  0  0
 24 25  2  0  0  0
 24 23  1  0  0  0
 26  6  1  0  0  0
 26 50  1  0  0  0
 27 51  1  0  0  0
 27 52  1  0  0  0
 28 29  1  0  0  0
 28  8  1  0  0  0
 29 53  1  0  0  0
 29 54  1  0  0  0
 29 55  1  0  0  0
M  END
$$$$
