9SC
  CCTOOLS-1019180957

 57 60  0  0  0  0  0  0  0  0999 V2000
   14.0960  -17.3180  -11.1790 N   0  0  0  0  0
    5.4810  -23.7320  -10.3530 N   0  0  0  0  0
   13.6240  -14.7910  -10.6150 C   0  0  0  0  0
   14.0460  -13.6040  -10.2420 C   0  0  0  0  0
   15.5330  -13.3830   -9.9350 C   0  0  0  0  0
   14.3880  -17.8250  -12.5020 C   0  0  0  0  0
   14.4870  -19.3200  -12.4540 C   0  0  0  0  0
   13.2870  -18.1120  -10.2610 C   0  0  0  0  0
   11.7300  -23.0490  -12.5630 C   0  0  0  0  0
    8.2300  -24.2510  -12.9440 C   0  0  0  0  0
    6.2990  -25.7170  -13.5190 C   0  0  0  0  0
    7.5960  -23.7770  -11.8790 C   0  0  0  0  0
    4.0990  -25.7310  -12.0060 C   0  0  0  0  0
    3.6250  -25.5540  -10.5800 C   0  0  0  0  0
   16.3970  -14.4030  -10.0480 C   0  0  0  0  0
   13.3550  -21.1370  -11.9900 C   0  0  0  0  0
   11.8690  -21.5130  -12.3850 C   0  0  0  0  0
   10.3140  -23.4460  -12.1150 C   0  0  0  0  0
    7.5700  -25.2730  -13.8170 C   0  0  0  0  0
    5.5580  -25.1740  -12.2880 C   0  0  0  0  0
    6.1340  -24.2850  -11.5330 C   0  0  0  0  0
   15.9120  -15.7710  -10.4770 C   0  0  0  0  0
    4.2450  -24.3310   -9.8490 C   0  0  0  0  0
   14.6110  -15.9640  -10.7490 C   0  0  0  0  0
   13.4960  -19.5690  -10.5320 C   0  0  0  0  0
   13.4170  -19.8250  -11.8070 N   0  0  0  0  0
    9.5340  -23.8000  -13.2570 O   0  0  0  0  0
    3.6350  -23.8160   -8.7500 O   0  0  0  0  0
   18.1250  -14.1420   -9.6900 CL  0  0  0  0  0
   17.0800  -17.1070  -10.6210 CL  0  0  0  0  0
    5.8790  -22.9420   -9.8870 H   0  0  0  0  0
   12.5770  -14.9450  -10.8290 H   0  0  0  0  0
   13.3470  -12.7850  -10.1520 H   0  0  0  0  0
   15.8830  -12.4080   -9.6290 H   0  0  0  0  0
   15.3420  -17.4050  -12.8530 H   0  0  0  0  0
   13.5830  -17.5330  -13.1920 H   0  0  0  0  0
   14.5160  -19.7180  -13.4790 H   0  0  0  0  0
   15.4060  -19.6090  -11.9230 H   0  0  0  0  0
   13.5830  -17.8870   -9.2260 H   0  0  0  0  0
   12.2250  -17.8630  -10.4010 H   0  0  0  0  0
   11.8780  -23.3190  -13.6190 H   0  0  0  0  0
   12.4780  -23.5670  -11.9440 H   0  0  0  0  0
    5.8230  -26.4500  -14.1540 H   0  0  0  0  0
    8.0760  -23.0440  -11.2470 H   0  0  0  0  0
    3.3960  -25.2050  -12.6690 H   0  0  0  0  0
    4.0900  -26.8060  -12.2400 H   0  0  0  0  0
    2.5320  -25.4300  -10.5930 H   0  0  0  0  0
    3.8850  -26.4610  -10.0150 H   0  0  0  0  0
   13.6360  -21.6560  -11.0620 H   0  0  0  0  0
   14.0410  -21.4330  -12.7970 H   0  0  0  0  0
   11.6070  -21.0130  -13.3290 H   0  0  0  0  0
   11.1860  -21.1770  -11.5910 H   0  0  0  0  0
    9.8420  -22.5980  -11.5980 H   0  0  0  0  0
   10.3740  -24.3060  -11.4310 H   0  0  0  0  0
    8.0890  -25.6620  -14.6800 H   0  0  0  0  0
   12.7260  -20.1470  -10.0010 H   0  0  0  0  0
   14.4910  -19.8630  -10.1680 H   0  0  0  0  0
  1 24  1  0  0  0
  1  8  1  0  0  0
  2 23  1  0  0  0
  2 31  1  0  0  0
  3  4  1  0  0  0
  3 32  1  0  0  0
  4  5  2  0  0  0
  4 33  1  0  0  0
  5 34  1  0  0  0
  6  7  1  0  0  0
  6  1  1  0  0  0
  6 35  1  0  0  0
  6 36  1  0  0  0
  7 26  1  0  0  0
  7 37  1  0  0  0
  7 38  1  0  0  0
  8 39  1  0  0  0
  8 40  1  0  0  0
  9 17  1  0  0  0
  9 18  1  0  0  0
  9 41  1  0  0  0
  9 42  1  0  0  0
 10 12  2  0  0  0
 11 20  1  0  0  0
 11 43  1  0  0  0
 12 21  1  0  0  0
 12 44  1  0  0  0
 13 14  1  0  0  0
 13 45  1  0  0  0
 13 46  1  0  0  0
 14 23  1  0  0  0
 14 47  1  0  0  0
 14 48  1  0  0  0
 15  5  1  0  0  0
 15 29  1  0  0  0
 16 26  1  0  0  0
 16 49  1  0  0  0
 16 50  1  0  0  0
 17 16  1  0  0  0
 17 51  1  0  0  0
 17 52  1  0  0  0
 18 53  1  0  0  0
 18 54  1  0  0  0
 19 11  2  0  0  0
 19 10  1  0  0  0
 19 55  1  0  0  0
 20 13  1  0  0  0
 20 21  2  0  0  0
 21  2  1  0  0  0
 22 15  2  0  0  0
 23 28  2  0  0  0
 24  3  2  0  0  0
 24 22  1  0  0  0
 25  8  1  0  0  0
 25 56  1  0  0  0
 25 57  1  0  0  0
 26 25  1  0  0  0
 27 10  1  0  0  0
 27 18  1  0  0  0
 30 22  1  0  0  0
M  END
$$$$
