QUN
  -ISIS-            3D

 58 60  0  0  0  0  0  0  0  0  0
   41.6650  -31.1290    4.2750 C   0  0  0  0  0
   40.4360  -30.7000    5.0250 C   0  0  0  0  0
   39.4220  -31.7070    5.4890 C   0  0  0  0  0
   39.6240  -33.1750    5.2080 C   0  0  0  0  0
   40.9070  -33.6220    4.4270 C   0  0  0  0  0
   41.8640  -32.5680    4.0010 C   0  0  0  0  0
   38.6510  -34.1250    5.6560 N   0  0  0  0  0
   38.8290  -35.5270    5.3920 C   0  0  0  0  0
   40.0720  -36.0780    4.6280 C   0  0  0  0  0
   41.1140  -35.1620    4.1350 C   0  0  0  0  0
   37.8190  -36.5020    5.8680 C   0  0  0  0  0
   38.0080  -37.9840    5.5990 C   0  0  0  0  0
   39.1880  -38.4890    4.8670 C   0  0  0  0  0
   40.2050  -37.5440    4.3850 C   0  0  0  0  0
   36.8820  -39.0590    6.1370 CL  0  0  0  0  0
   42.6930  -30.0960    3.7940 O   0  0  0  0  0
   43.5960  -29.6970    4.7700 C   0  0  0  0  0
   42.3760  -35.8550    3.3560 N   0  0  0  0  0
   42.9940  -35.5190    1.9830 C   0  0  0  0  0
   43.9280  -34.3130    2.0780 C   0  0  0  0  0
   41.9070  -35.3260    1.0170 C   0  0  0  0  0
   42.2820  -34.9680   -0.3890 C   0  0  0  0  0
   40.9470  -34.8860   -0.9480 C   0  0  0  0  0
   40.7170  -34.4950   -2.3570 N   0  0  0  0  0
   39.2470  -34.5690   -2.4480 C   0  0  0  0  0
   41.3410  -35.3620   -3.4010 C   0  0  0  0  0
   38.5020  -35.9590   -2.2620 C   0  0  0  0  0
   41.0260  -34.7940   -4.8390 C   0  0  0  0  0
   40.2790  -29.6520    5.2340 H   0  0  0  0  0
   38.5450  -31.3780    6.0260 H   0  0  0  0  0
   42.7510  -32.8690    3.4630 H   0  0  0  0  0
   36.9480  -36.1580    6.4060 H   0  0  0  0  0
   39.3030  -39.5480    4.6870 H   0  0  0  0  0
   41.0630  -37.9170    3.8460 H   0  0  0  0  0
   43.6290  -30.4520    5.5690 H   0  0  0  0  0
   43.2780  -28.7310    5.1900 H   0  0  0  0  0
   44.5960  -29.5910    4.3240 H   0  0  0  0  0
   43.1380  -35.7170    3.9890 H   0  0  0  0  0
   43.6230  -36.3520    1.6350 H   0  0  0  0  0
   43.4410  -33.4360    1.6270 H   0  0  0  0  0
   44.8630  -34.5300    1.5410 H   0  0  0  0  0
   44.1520  -34.1050    3.1350 H   0  0  0  0  0
   41.3460  -34.4570    1.3910 H   0  0  0  0  0
   41.3530  -36.2750    0.9670 H   0  0  0  0  0
   42.9660  -35.6670   -0.8920 H   0  0  0  0  0
   42.8450  -34.0260   -0.4640 H   0  0  0  0  0
   40.5010  -34.0510   -0.3890 H   0  0  0  0  0
   40.5220  -35.8960   -0.8480 H   0  0  0  0  0
   39.0410  -34.3060   -3.4960 H   0  0  0  0  0
   38.8600  -33.9090   -1.6570 H   0  0  0  0  0
   40.9290  -36.3790   -3.3180 H   0  0  0  0  0
   42.4300  -35.3840   -3.2500 H   0  0  0  0  0
   37.5370  -35.7930   -1.7610 H   0  0  0  0  0
   39.1230  -36.6290   -1.6490 H   0  0  0  0  0
   38.3300  -36.4180   -3.2470 H   0  0  0  0  0
   40.0730  -35.2100   -5.1970 H   0  0  0  0  0
   41.8330  -35.0790   -5.5300 H   0  0  0  0  0
   40.9530  -33.6970   -4.7930 H   0  0  0  0  0
  1  2  2  0  0  0
  1  6  1  0  0  0
  1 16  1  0  0  0
  2  3  1  0  0  0
  2 29  1  0  0  0
  3  4  2  0  0  0
  3 30  1  0  0  0
  4  5  1  0  0  0
  4  7  1  0  0  0
  5  6  2  0  0  0
  5 10  1  0  0  0
  6 31  1  0  0  0
  7  8  2  0  0  0
  8  9  1  0  0  0
  8 11  1  0  0  0
  9 10  2  0  0  0
  9 14  1  0  0  0
 10 18  1  0  0  0
 11 12  2  0  0  0
 11 32  1  0  0  0
 12 13  1  0  0  0
 12 15  1  0  0  0
 13 14  2  0  0  0
 13 33  1  0  0  0
 14 34  1  0  0  0
 16 17  1  0  0  0
 17 35  1  0  0  0
 17 36  1  0  0  0
 17 37  1  0  0  0
 18 19  1  0  0  0
 18 38  1  0  0  0
 19 20  1  0  0  0
 19 21  1  0  0  0
 19 39  1  0  0  0
 20 40  1  0  0  0
 20 41  1  0  0  0
 20 42  1  0  0  0
 21 22  1  0  0  0
 21 43  1  0  0  0
 21 44  1  0  0  0
 22 23  1  0  0  0
 22 45  1  0  0  0
 22 46  1  0  0  0
 23 24  1  0  0  0
 23 47  1  0  0  0
 23 48  1  0  0  0
 24 25  1  0  0  0
 24 26  1  0  0  0
 25 27  1  0  0  0
 25 49  1  0  0  0
 25 50  1  0  0  0
 26 28  1  0  0  0
 26 51  1  0  0  0
 26 52  1  0  0  0
 27 53  1  0  0  0
 27 54  1  0  0  0
 27 55  1  0  0  0
 28 56  1  0  0  0
 28 57  1  0  0  0
 28 58  1  0  0  0
M  END
$$$$
