BBI
  CCTOOLS-0417151110

 60 62  0  0  0  0  0  0  0  0999 V2000
   34.8760  -43.8540   -5.9890 C   0  0  0  0  0
   33.9260  -43.4420   -4.8670 C   0  0  0  0  0
   32.5590  -44.1160   -5.0530 C   0  0  0  0  0
   31.4490  -43.0940   -4.7970 C   0  0  0  0  0
   30.0000  -43.5920   -4.9960 C   0  0  0  0  0
   29.4000  -43.8090   -6.1040 O   0  0  0  0  0
   28.1350  -44.1880   -5.8170 C   0  0  0  0  0
   27.1250  -44.5480   -6.5630 C   0  0  0  0  0
   25.9120  -44.8910   -6.0270 C   0  0  0  0  0
   25.7300  -44.8870   -4.6730 C   0  0  0  0  0
   26.8330  -44.5150   -3.9440 C   0  0  0  0  0
   27.9740  -44.1830   -4.5340 C   0  0  0  0  0
   29.1150  -43.7930   -4.0320 C   0  0  0  0  0
   29.2850  -43.6850   -2.7410 C   0  0  0  0  0
   28.6070  -42.9180   -2.0580 O   0  0  0  0  0
   30.0430  -44.6900   -2.2200 C   0  0  0  0  0
   31.0920  -45.2740   -2.8960 C   0  0  0  0  0
   31.7930  -46.3070   -2.3100 C   0  0  0  0  0
   33.3590  -47.0900   -3.4250 I   0  0  0  0  0
   29.6910  -45.1500   -0.9980 C   0  0  0  0  0
   30.3510  -46.1520   -0.3810 C   0  0  0  0  0
   29.4540  -46.4730    1.4240 I   0  0  0  0  0
   31.4150  -46.7510   -1.0430 C   0  0  0  0  0
   32.1020  -47.7710   -0.5120 O   0  0  0  0  0
   32.1070  -48.0120    0.8860 C   0  0  0  0  0
   33.4370  -48.7150    1.0850 C   0  0  0  0  0
   33.3000  -50.0310    1.6960 N   0  0  0  0  0
   32.5140  -50.0400    2.9570 C   0  0  0  0  0
   32.7070  -48.7900    3.8390 C   0  0  0  0  0
   34.6250  -50.6590    1.8400 C   0  0  0  0  0
   35.3500  -50.2900    3.1370 C   0  0  0  0  0
   35.8500  -43.3650   -5.8430 H   0  0  0  0  0
   35.0090  -44.9460   -5.9750 H   0  0  0  0  0
   34.4530  -43.5490   -6.9580 H   0  0  0  0  0
   34.3520  -43.7470   -3.9000 H   0  0  0  0  0
   33.7970  -42.3500   -4.8830 H   0  0  0  0  0
   32.4750  -44.4990   -6.0810 H   0  0  0  0  0
   32.4610  -44.9500   -4.3420 H   0  0  0  0  0
   31.5450  -42.7490   -3.7570 H   0  0  0  0  0
   31.6090  -42.2470   -5.4810 H   0  0  0  0  0
   27.2500  -44.5760   -7.6350 H   0  0  0  0  0
   25.0950  -45.1660   -6.6780 H   0  0  0  0  0
   24.7910  -45.1560   -4.2110 H   0  0  0  0  0
   26.7700  -44.4920   -2.8660 H   0  0  0  0  0
   31.3640  -44.9240   -3.8810 H   0  0  0  0  0
   28.8480  -44.6970   -0.4960 H   0  0  0  0  0
   32.0650  -47.0700    1.4530 H   0  0  0  0  0
   31.2670  -48.6570    1.1830 H   0  0  0  0  0
   33.9210  -48.8330    0.1040 H   0  0  0  0  0
   34.0690  -48.0910    1.7340 H   0  0  0  0  0
   31.4480  -50.1160    2.6970 H   0  0  0  0  0
   32.8120  -50.9230    3.5420 H   0  0  0  0  0
   32.0910  -48.8820    4.7460 H   0  0  0  0  0
   33.7660  -48.7010    4.1230 H   0  0  0  0  0
   32.4020  -47.8950    3.2780 H   0  0  0  0  0
   34.4950  -51.7510    1.8150 H   0  0  0  0  0
   35.2510  -50.3450    0.9920 H   0  0  0  0  0
   36.3260  -50.7960    3.1690 H   0  0  0  0  0
   35.5000  -49.2010    3.1760 H   0  0  0  0  0
   34.7440  -50.6070    3.9990 H   0  0  0  0  0
  1  2  1  0  0  0
  1 32  1  0  0  0
  1 33  1  0  0  0
  1 34  1  0  0  0
  2 35  1  0  0  0
  2 36  1  0  0  0
  3  2  1  0  0  0
  3  4  1  0  0  0
  3 37  1  0  0  0
  3 38  1  0  0  0
  4 39  1  0  0  0
  4 40  1  0  0  0
  5  4  1  0  0  0
  5 13  2  0  0  0
  6  7  1  0  0  0
  6  5  1  0  0  0
  7 12  2  0  0  0
  8  9  2  0  0  0
  8  7  1  0  0  0
  8 41  1  0  0  0
  9 10  1  0  0  0
  9 42  1  0  0  0
 10 11  2  0  0  0
 10 43  1  0  0  0
 11 44  1  0  0  0
 12 13  1  0  0  0
 12 11  1  0  0  0
 13 14  1  0  0  0
 14 16  1  0  0  0
 14 15  2  0  0  0
 16 20  2  0  0  0
 17 18  2  0  0  0
 17 16  1  0  0  0
 17 45  1  0  0  0
 18 23  1  0  0  0
 19 18  1  0  0  0
 20 21  1  0  0  0
 20 46  1  0  0  0
 21 22  1  0  0  0
 23 24  1  0  0  0
 23 21  2  0  0  0
 24 25  1  0  0  0
 25 26  1  0  0  0
 25 47  1  0  0  0
 25 48  1  0  0  0
 26 27  1  0  0  0
 26 49  1  0  0  0
 26 50  1  0  0  0
 27 30  1  0  0  0
 27 28  1  0  0  0
 28 29  1  0  0  0
 28 51  1  0  0  0
 28 52  1  0  0  0
 29 53  1  0  0  0
 29 54  1  0  0  0
 29 55  1  0  0  0
 30 31  1  0  0  0
 30 56  1  0  0  0
 30 57  1  0  0  0
 31 58  1  0  0  0
 31 59  1  0  0  0
 31 60  1  0  0  0
M  END
$$$$
