2V9
  CCTOOLS-0822141101

 52 59  0  0  1  0  0  0  0  0999 V2000
   -9.9400    6.8060  -14.6840 O   0  0  0  0  0
  -10.9130    6.9260  -13.9310 C   0  0  0  0  0
  -11.1180    6.1250  -12.8710 N   0  0  0  0  0
  -12.3740    6.5050  -12.2060 C   0  0  0  0  0
  -12.8740    7.6440  -13.1020 C   0  0  0  0  0
  -11.9470    7.8560  -14.1220 C   0  0  0  0  0
  -12.1970    8.8670  -15.0650 C   0  0  0  0  0
  -11.5390    9.3560  -16.2030 C   0  0  0  0  0
  -10.3470    9.0080  -16.8370 C   0  0  0  0  0
   -9.9530    9.6860  -17.9880 C   0  0  0  0  0
  -10.7450   10.7060  -18.5170 C   0  0  0  0  0
  -11.9380   11.0560  -17.8920 C   0  0  0  0  0
  -12.3330   10.3790  -16.7380 C   0  0  0  0  0
  -13.4010   10.4950  -15.9470 N   0  0  0  0  0
  -13.3620    9.6210  -14.9560 C   0  0  0  0  0
  -14.2720    9.4040  -13.9350 C   0  0  0  0  0
  -14.0350    8.4120  -12.9970 C   0  0  0  0  0
  -15.1210    8.4270  -12.1300 C   0  0  0  0  0
  -15.4390    7.6550  -11.0200 C   0  0  0  0  0
  -16.6300    7.8870  -10.3410 C   0  0  0  0  0
  -17.5030    8.8830  -10.7800 C   0  0  0  0  0
  -17.1830    9.6520  -11.8950 C   0  0  0  0  0
  -15.9880    9.4280  -12.5740 C   0  0  0  0  0
  -15.4370    9.9900  -13.6590 N   0  0  0  0  0
  -15.9010   11.2530  -14.2850 C   0  0  0  0  0
  -16.6560   12.1140  -13.2620 C   0  0  0  0  0
  -14.8160   12.0300  -14.8180 O   0  0  0  0  0
  -14.4790   11.4760  -16.1150 C   0  0  0  0  0
  -15.7580   10.8360  -16.6670 C   0  0  0  0  0
  -16.7650   10.9280  -15.5130 C   0  0  0  0  0
  -17.4180    9.6650  -15.3300 O   0  0  0  0  0
  -17.8070   12.0110  -15.8080 C   0  0  0  0  0
  -17.1500   13.2830  -15.8970 O   0  0  0  0  0
  -12.8260    6.0900  -11.3180 H   0  0  0  0  0
   -9.7320    8.2160  -16.4370 H   0  0  0  0  0
   -9.0270    9.4200  -18.4750 H   0  0  0  0  0
  -10.4320   11.2240  -19.4120 H   0  0  0  0  0
  -12.5530   11.8460  -18.2970 H   0  0  0  0  0
  -14.7650    6.8790  -10.6860 H   0  0  0  0  0
  -16.8800    7.2950   -9.4730 H   0  0  0  0  0
  -18.4290    9.0580  -10.2530 H   0  0  0  0  0
  -17.8610   10.4220  -12.2330 H   0  0  0  0  0
  -16.0020   12.3220  -12.4030 H   0  0  0  0  0
  -16.9560   13.0620  -13.7320 H   0  0  0  0  0
  -17.5510   11.5750  -12.9190 H   0  0  0  0  0
  -14.1550   12.2760  -16.7970 H   0  0  0  0  0
  -16.1220   11.3900  -17.5450 H   0  0  0  0  0
  -15.5790    9.7870  -16.9440 H   0  0  0  0  0
  -18.0390    9.7300  -14.6140 H   0  0  0  0  0
  -18.5510   12.0370  -14.9980 H   0  0  0  0  0
  -18.3100   11.7890  -16.7610 H   0  0  0  0  0
  -17.7920   13.9590  -16.0800 H   0  0  0  0  0
  1  2  2  0  0  0
  2  3  1  0  0  0
  3  4  2  0  0  0
  4 34  1  0  0  0
  5 17  1  0  0  0
  5  4  1  0  0  0
  6  2  1  0  0  0
  6  5  2  0  0  0
  7 15  2  0  0  0
  7  6  1  0  0  0
  8  7  1  0  0  0
  9  8  2  0  0  0
  9 35  1  0  0  0
 10  9  1  0  0  0
 10 36  1  0  0  0
 11 10  2  0  0  0
 11 12  1  0  0  0
 11 37  1  0  0  0
 12 13  2  0  0  0
 12 38  1  0  0  0
 13  8  1  0  0  0
 13 14  1  0  0  0
 14 15  1  0  0  0
 15 16  1  0  0  0
 16 24  1  0  0  0
 16 17  2  0  0  0
 17 18  1  0  0  0
 18 19  1  0  0  0
 19 20  2  0  0  0
 19 39  1  0  0  0
 20 40  1  0  0  0
 21 20  1  0  0  0
 21 41  1  0  0  0
 22 21  2  0  0  0
 22 42  1  0  0  0
 23 18  2  0  0  0
 23 22  1  0  0  0
 24 23  1  0  0  0
 25 24  1  0  0  0
 25 26  1  0  0  0
 26 43  1  0  0  0
 26 44  1  0  0  0
 26 45  1  0  0  0
 27 25  1  0  0  0
 28 14  1  0  0  0
 28 27  1  0  0  0
 28 46  1  0  0  0
 29 28  1  0  0  0
 29 30  1  0  0  0
 29 47  1  0  0  0
 29 48  1  0  0  0
 30 31  1  0  0  0
 30 25  1  0  0  0
 31 49  1  0  0  0
 32 30  1  0  0  0
 32 50  1  0  0  0
 32 51  1  0  0  0
 33 32  1  0  0  0
 33 52  1  0  0  0
M  END
$$$$
