4YH
  CCTOOLS-0918151213

 71 72  0  0  1  0  0  0  0  0999 V2000
    9.6390  -19.9580  -26.0830 C   0  0  0  0  0
    8.9160  -19.5430  -24.8560 O   0  0  0  0  0
    9.4530  -18.4160  -24.2960 C   0  0  0  0  0
    9.1510  -17.1400  -24.7870 C   0  0  0  0  0
   10.3090  -18.5670  -23.1960 C   0  0  0  0  0
   10.6110  -19.8240  -22.7210 O   0  0  0  0  0
    9.3780  -20.6540  -22.1390 C   0  0  0  0  0
   10.8700  -17.4300  -22.6140 C   0  0  0  0  0
   10.5550  -16.1640  -23.1240 C   0  0  0  0  0
    9.6970  -15.9770  -24.2230 C   0  0  0  0  0
    9.3410  -14.6940  -24.7770 C   0  0  0  0  0
    8.6510  -13.7570  -23.7120 C   0  0  0  0  0
    8.4390  -12.3000  -24.1760 C   0  0  0  0  0
    9.3190  -13.8000  -22.3190 C   0  0  0  0  0
    8.3150  -14.9820  -25.7660 C   0  0  0  0  0
    7.4550  -15.1940  -26.5720 N   0  0  0  0  0
   10.5040  -14.1130  -25.6570 C   0  0  0  0  0
   11.2760  -12.8710  -25.1580 C   0  0  0  0  0
   11.0430  -11.6570  -26.0720 C   0  0  0  0  0
   11.9330  -11.5480  -27.2480 N   0  0  0  0  0
   13.0270  -12.5390  -27.3040 C   0  0  0  0  0
   11.0930  -11.5950  -28.4560 C   0  0  0  0  0
   10.4910  -10.2150  -28.7860 C   0  0  0  0  0
    9.1260  -10.2980  -29.0170 C   0  0  0  0  0
    8.6370  -10.9280  -30.1680 C   0  0  0  0  0
    8.2570   -9.7330  -28.0860 C   0  0  0  0  0
    6.8880   -9.8050  -28.3060 C   0  0  0  0  0
    6.3930  -10.4370  -29.4490 C   0  0  0  0  0
    5.0520  -10.5120  -29.6510 O   0  0  0  0  0
    4.4160  -11.0040  -28.4530 C   0  0  0  0  0
    7.2620  -11.0070  -30.3970 C   0  0  0  0  0
    6.7290  -11.6210  -31.5100 O   0  0  0  0  0
    7.6300  -11.7370  -32.6480 C   0  0  0  0  0
    9.1720  -20.8650  -26.4950 H   0  0  0  0  0
    9.5910  -19.1500  -26.8280 H   0  0  0  0  0
   10.6900  -20.1670  -25.8360 H   0  0  0  0  0
    8.4770  -17.0480  -25.6260 H   0  0  0  0  0
    9.7290  -21.6360  -21.7890 H   0  0  0  0  0
    8.9300  -20.1040  -21.2980 H   0  0  0  0  0
    8.6250  -20.7940  -22.9280 H   0  0  0  0  0
   11.5430  -17.5250  -21.7750 H   0  0  0  0  0
   10.9890  -15.2940  -22.6530 H   0  0  0  0  0
    7.6430  -14.1730  -23.5700 H   0  0  0  0  0
    7.9550  -11.7260  -23.3730 H   0  0  0  0  0
    9.4120  -11.8460  -24.4160 H   0  0  0  0  0
    7.7990  -12.2900  -25.0710 H   0  0  0  0  0
    8.7850  -13.1250  -21.6350 H   0  0  0  0  0
    9.2800  -14.8260  -21.9250 H   0  0  0  0  0
   10.3680  -13.4800  -22.4050 H   0  0  0  0  0
   10.0690  -13.8510  -26.6330 H   0  0  0  0  0
   11.2410  -14.9190  -25.7890 H   0  0  0  0  0
   12.3510  -13.1030  -25.1390 H   0  0  0  0  0
   10.9360  -12.6230  -24.1420 H   0  0  0  0  0
   11.1750  -10.7490  -25.4650 H   0  0  0  0  0
   10.0070  -11.7060  -26.4380 H   0  0  0  0  0
   13.6300  -12.4730  -26.3860 H   0  0  0  0  0
   12.6020  -13.5500  -27.3910 H   0  0  0  0  0
   13.6640  -12.3330  -28.1770 H   0  0  0  0  0
   10.2740  -12.3110  -28.2930 H   0  0  0  0  0
   11.7080  -11.9280  -29.3050 H   0  0  0  0  0
   10.9820   -9.8170  -29.6860 H   0  0  0  0  0
   10.6700   -9.5350  -27.9400 H   0  0  0  0  0
    9.3260  -11.3550  -30.8820 H   0  0  0  0  0
    8.6440   -9.2450  -27.2040 H   0  0  0  0  0
    6.2040   -9.3710  -27.5910 H   0  0  0  0  0
    3.3290  -11.0660  -28.6130 H   0  0  0  0  0
    4.8090  -12.0030  -28.2130 H   0  0  0  0  0
    4.6250  -10.3180  -27.6190 H   0  0  0  0  0
    7.1100  -12.2380  -33.4780 H   0  0  0  0  0
    7.9480  -10.7340  -32.9670 H   0  0  0  0  0
    8.5120  -12.3270  -32.3580 H   0  0  0  0  0
  1  2  1  0  0  0
  1 34  1  0  0  0
  1 35  1  0  0  0
  1 36  1  0  0  0
  2  3  1  0  0  0
  3  5  1  0  0  0
  4  3  2  0  0  0
  4 10  1  0  0  0
  4 37  1  0  0  0
  5  6  1  0  0  0
  5  8  2  0  0  0
  6  7  1  0  0  0
  7 38  1  0  0  0
  7 39  1  0  0  0
  7 40  1  0  0  0
  8 41  1  0  0  0
  9  8  1  0  0  0
  9 42  1  0  0  0
 10  9  2  0  0  0
 11 10  1  0  0  0
 11 12  1  0  0  0
 12 14  1  0  0  0
 12 43  1  0  0  0
 13 12  1  0  0  0
 13 44  1  0  0  0
 13 45  1  0  0  0
 13 46  1  0  0  0
 14 47  1  0  0  0
 14 48  1  0  0  0
 14 49  1  0  0  0
 15 11  1  0  0  0
 16 15  3  0  0  0
 17 18  1  0  0  0
 17 11  1  0  0  0
 17 50  1  0  0  0
 17 51  1  0  0  0
 18 52  1  0  0  0
 18 53  1  0  0  0
 19 18  1  0  0  0
 19 54  1  0  0  0
 19 55  1  0  0  0
 20 19  1  0  0  0
 21 20  1  0  0  0
 21 56  1  0  0  0
 21 57  1  0  0  0
 21 58  1  0  0  0
 22 20  1  0  0  0
 22 59  1  0  0  0
 22 60  1  0  0  0
 23 22  1  0  0  0
 23 61  1  0  0  0
 23 62  1  0  0  0
 24 23  1  0  0  0
 24 26  2  0  0  0
 25 24  1  0  0  0
 25 63  1  0  0  0
 26 64  1  0  0  0
 27 26  1  0  0  0
 27 65  1  0  0  0
 28 27  2  0  0  0
 29 28  1  0  0  0
 29 30  1  0  0  0
 30 66  1  0  0  0
 30 67  1  0  0  0
 30 68  1  0  0  0
 31 25  2  0  0  0
 31 28  1  0  0  0
 32 31  1  0  0  0
 33 32  1  0  0  0
 33 69  1  0  0  0
 33 70  1  0  0  0
 33 71  1  0  0  0
M  END
$$$$
