08Y
  CCTOOLS-1209111146

 83 89  0  0  1  0  0  0  0  0999 V2000
   23.0520   15.0830  -11.6510 O   0  0  0  0  0
   22.4240   14.7890  -12.6700 C   0  0  0  0  0
   22.7830   13.5900  -13.5080 C   0  0  0  0  0
   23.6580   14.1470  -14.6410 C   0  0  0  0  0
   24.2580   13.0230  -15.3440 N   0  0  0  0  0
   24.4360   13.1960  -16.7820 C   0  0  0  0  0
   23.5340   12.5730  -12.6700 C   0  0  0  0  0
   24.6680   11.9970  -13.0990 C   0  0  0  0  0
   25.4020   11.0350  -12.2030 C   0  0  0  0  0
   25.3080   10.8480  -10.8220 C   0  0  0  0  0
   26.1410    9.8830  -10.2050 C   0  0  0  0  0
   27.0950    9.0960  -10.8940 C   0  0  0  0  0
   27.2610    9.2400  -12.2830 C   0  0  0  0  0
   26.3860   10.2450  -12.9280 C   0  0  0  0  0
   26.6530   10.2960  -14.3530 C   0  0  0  0  0
   25.9120   11.2160  -15.2920 C   0  0  0  0  0
   25.2550   12.3650  -14.4780 C   0  0  0  0  0
   27.7130    9.2700  -14.4470 C   0  0  0  0  0
   28.0370    8.6860  -13.2580 N   0  0  0  0  0
   28.5630    8.8250  -16.2020 BR  0  0  0  0  0
   21.4180   15.5190  -13.1710 N   0  0  0  0  0
   20.3830   16.2530  -12.4480 C   0  0  0  0  0
   20.6370   17.6620  -12.6000 O   0  0  0  0  0
   19.0130   15.8450  -13.0240 C   0  0  0  0  0
   18.8360   14.3270  -13.1660 C   0  0  0  0  0
   18.7650   16.4840  -14.3740 C   0  0  0  0  0
   20.3700   16.1150  -10.9350 C   0  0  0  0  0
   20.1720   15.0440  -10.3690 O   0  0  0  0  0
   20.5950   17.2990  -10.3620 N   0  0  0  0  0
   20.3390   17.6500   -8.9570 C   0  0  0  0  0
   21.7340   17.6470   -8.3430 C   0  0  0  0  0
   22.1160   16.3630   -7.6270 C   0  0  0  0  0
   22.1350   16.6550   -6.1380 C   0  0  0  0  0
   23.4810   15.8600   -8.0790 C   0  0  0  0  0
   19.7960   19.0660   -8.7590 C   0  0  0  0  0
   19.5360   19.4740   -7.6290 O   0  0  0  0  0
   19.6370   19.8760   -9.8230 N   0  0  0  0  0
   19.3510   21.3100   -9.7900 C   0  0  0  0  0
   19.2300   21.7660  -11.2450 C   0  0  0  0  0
   19.8260   20.6360  -12.0780 C   0  0  0  0  0
   19.6690   19.3880  -11.2050 C   0  0  0  0  0
   20.7850   18.3540  -11.3450 C   0  0  0  0  0
   22.0760   18.9570  -11.1260 O   0  0  0  0  0
   21.9000   13.0680  -13.9050 H   0  0  0  0  0
   24.4460   14.7920  -14.2240 H   0  0  0  0  0
   23.0420   14.7370  -15.3350 H   0  0  0  0  0
   24.8940   12.2910  -17.2070 H   0  0  0  0  0
   23.4580   13.3670  -17.2540 H   0  0  0  0  0
   25.0900   14.0600  -16.9690 H   0  0  0  0  0
   23.1450   12.3040  -11.6990 H   0  0  0  0  0
   24.6120   11.4290  -10.2350 H   0  0  0  0  0
   26.0420    9.7380   -9.1390 H   0  0  0  0  0
   27.6970    8.3830  -10.3510 H   0  0  0  0  0
   25.1320   10.6490  -15.8220 H   0  0  0  0  0
   26.6170   11.6400  -16.0220 H   0  0  0  0  0
   26.0700   13.0490  -14.1990 H   0  0  0  0  0
   28.7260    7.9730  -13.1240 H   0  0  0  0  0
   21.3700   15.5670  -14.1690 H   0  0  0  0  0
   18.2790   16.2090  -12.2900 H   0  0  0  0  0
   19.0130   13.8440  -12.1940 H   0  0  0  0  0
   17.8120   14.1070  -13.5040 H   0  0  0  0  0
   19.5560   13.9410  -13.9030 H   0  0  0  0  0
   18.8870   17.5740  -14.2920 H   0  0  0  0  0
   19.4850   16.0880  -15.1050 H   0  0  0  0  0
   17.7420   16.2540  -14.7060 H   0  0  0  0  0
   19.5980   16.9580   -8.5300 H   0  0  0  0  0
   22.4580   17.8040   -9.1570 H   0  0  0  0  0
   21.7780   18.4650   -7.6090 H   0  0  0  0  0
   21.3850   15.5760   -7.8640 H   0  0  0  0  0
   22.4090   15.7420   -5.5880 H   0  0  0  0  0
   22.8720   17.4440   -5.9290 H   0  0  0  0  0
   21.1380   16.9900   -5.8180 H   0  0  0  0  0
   23.7260   14.9320   -7.5430 H   0  0  0  0  0
   23.4590   15.6630   -9.1610 H   0  0  0  0  0
   24.2430   16.6220   -7.8600 H   0  0  0  0  0
   20.1640   21.8520   -9.2840 H   0  0  0  0  0
   18.4130   21.5020   -9.2480 H   0  0  0  0  0
   19.7810   22.7040  -11.4080 H   0  0  0  0  0
   18.1770   21.9370  -11.5150 H   0  0  0  0  0
   19.2910   20.5220  -13.0320 H   0  0  0  0  0
   20.8840   20.8290  -12.3080 H   0  0  0  0  0
   18.7580   18.8590  -11.5210 H   0  0  0  0  0
   22.0850   19.3890  -10.2800 H   0  0  0  0  0
  2  1  2  0  0  0
  3  7  1  0  0  0
  3  2  1  0  0  0
  3 44  1  0  0  0
  4  3  1  0  0  0
  4 45  1  0  0  0
  4 46  1  0  0  0
  5  4  1  0  0  0
  5 17  1  0  0  0
  6  5  1  0  0  0
  6 47  1  0  0  0
  6 48  1  0  0  0
  6 49  1  0  0  0
  7 50  1  0  0  0
  8  7  2  0  0  0
  8  9  1  0  0  0
  9 10  2  0  0  0
 10 11  1  0  0  0
 10 51  1  0  0  0
 11 52  1  0  0  0
 12 11  2  0  0  0
 12 53  1  0  0  0
 13 12  1  0  0  0
 14 13  2  0  0  0
 14  9  1  0  0  0
 15 14  1  0  0  0
 16 17  1  0  0  0
 16 15  1  0  0  0
 16 54  1  0  0  0
 16 55  1  0  0  0
 17  8  1  0  0  0
 17 56  1  0  0  0
 18 15  2  0  0  0
 18 19  1  0  0  0
 19 13  1  0  0  0
 19 57  1  0  0  0
 20 18  1  0  0  0
 21  2  1  0  0  0
 21 22  1  0  0  0
 21 58  1  0  0  0
 22 27  1  0  0  0
 23 22  1  0  0  0
 23 42  1  0  0  0
 24 22  1  0  0  0
 24 59  1  0  0  0
 25 24  1  0  0  0
 25 60  1  0  0  0
 25 61  1  0  0  0
 25 62  1  0  0  0
 26 24  1  0  0  0
 26 63  1  0  0  0
 26 64  1  0  0  0
 26 65  1  0  0  0
 27 28  2  0  0  0
 27 29  1  0  0  0
 29 30  1  0  0  0
 30 35  1  0  0  0
 30 31  1  0  0  0
 30 66  1  0  0  0
 31 32  1  0  0  0
 31 67  1  0  0  0
 31 68  1  0  0  0
 32 33  1  0  0  0
 32 69  1  0  0  0
 33 70  1  0  0  0
 33 71  1  0  0  0
 33 72  1  0  0  0
 34 32  1  0  0  0
 34 73  1  0  0  0
 34 74  1  0  0  0
 34 75  1  0  0  0
 35 36  2  0  0  0
 37 38  1  0  0  0
 37 35  1  0  0  0
 38 76  1  0  0  0
 38 77  1  0  0  0
 39 38  1  0  0  0
 39 78  1  0  0  0
 39 79  1  0  0  0
 40 39  1  0  0  0
 40 41  1  0  0  0
 40 80  1  0  0  0
 40 81  1  0  0  0
 41 37  1  0  0  0
 41 82  1  0  0  0
 42 41  1  0  0  0
 42 43  1  0  0  0
 42 29  1  0  0  0
 43 83  1  0  0  0
M  END
$$$$
