TLS
  CCTOOLS-0302121206

 69 74  0  0  0  0  0  0  0  0999 V2000
   46.9330   19.5690   26.8470 C   0  0  0  0  0
   47.3340   19.2870   25.5660 N   0  0  0  0  0
   47.0930   18.3830   27.5340 C   0  0  0  0  0
   46.4790   20.7380   27.4140 C   0  0  0  0  0
   47.7200   17.9610   25.5330 C   0  0  0  0  0
   47.3740   20.2200   24.4170 C   0  0  0  0  0
   47.5730   17.3950   26.7200 N   0  0  0  0  0
   46.7820   18.3190   28.8750 C   0  0  0  0  0
   46.1780   20.6840   28.7580 C   0  0  0  0  0
   48.1960   17.3180   24.2590 C   0  0  0  0  0
   46.3370   21.2910   24.4630 C   0  0  0  0  0
   46.3300   19.4890   29.4410 C   0  0  0  0  0
   46.9150   17.0970   29.6930 C   0  0  0  0  0
   45.7140   21.9050   29.4260 C   0  0  0  0  0
   49.3650   16.3550   24.2650 C   0  0  0  0  0
   45.1160   21.1250   23.8340 C   0  0  0  0  0
   46.6210   22.4640   25.1210 C   0  0  0  0  0
   45.4650   21.9930   30.7680 N   0  0  0  0  0
   45.4420   23.0790   28.8780 N   0  0  0  0  0
   50.5770   17.2450   24.1850 C   0  0  0  0  0
   44.1470   22.0990   23.8990 C   0  0  0  0  0
   45.6500   23.4290   25.1570 C   0  0  0  0  0
   45.0010   23.2270   31.0980 C   0  0  0  0  0
   45.6460   20.9430   31.7390 C   0  0  0  0  0
   45.0030   23.8930   29.8960 C   0  0  0  0  0
   44.4070   23.2760   24.5700 C   0  0  0  0  0
   44.6150   23.7520   32.3100 C   0  0  0  0  0
   44.5700   25.2020   29.8740 C   0  0  0  0  0
   43.4260   24.3260   24.8060 C   0  0  0  0  0
   44.2030   25.0590   32.2650 C   0  0  0  0  0
   44.1870   25.7490   31.0780 C   0  0  0  0  0
   42.1450   24.4570   24.3040 C   0  0  0  0  0
   43.7990   25.2890   25.7270 C   0  0  0  0  0
   41.3460   25.5010   24.7150 C   0  0  0  0  0
   41.4950   23.5790   23.3370 C   0  0  0  0  0
   42.9990   26.3320   26.1450 C   0  0  0  0  0
   41.7370   26.4420   25.6320 C   0  0  0  0  0
   40.4890   22.9720   23.8070 O   0  0  0  0  0
   41.9540   23.5570   22.1580 O   0  0  0  0  0
   46.3650   21.6450   26.8390 H   0  0  0  0  0
   48.3610   20.7050   24.4090 H   0  0  0  0  0
   47.2150   19.6340   23.5000 H   0  0  0  0  0
   47.3390   16.7470   23.8720 H   0  0  0  0  0
   48.4920   18.1450   23.5970 H   0  0  0  0  0
   46.0760   19.4740   30.4910 H   0  0  0  0  0
   47.9220   17.0570   30.1330 H   0  0  0  0  0
   46.1640   17.1110   30.4970 H   0  0  0  0  0
   46.7570   16.2120   29.0590 H   0  0  0  0  0
   49.3760   15.7470   25.1820 H   0  0  0  0  0
   49.3190   15.6660   23.4090 H   0  0  0  0  0
   44.9210   20.2170   23.2830 H   0  0  0  0  0
   47.5790   22.6200   25.5940 H   0  0  0  0  0
   51.4870   16.6270   24.1840 H   0  0  0  0  0
   50.5360   17.8380   23.2600 H   0  0  0  0  0
   50.5940   17.9200   25.0530 H   0  0  0  0  0
   43.1880   21.9430   23.4270 H   0  0  0  0  0
   45.8650   24.3550   25.6690 H   0  0  0  0  0
   45.3630   21.3120   32.7360 H   0  0  0  0  0
   45.0130   20.0840   31.4720 H   0  0  0  0  0
   46.7010   20.6320   31.7500 H   0  0  0  0  0
   44.6350   23.1790   33.2250 H   0  0  0  0  0
   44.5330   25.7710   28.9570 H   0  0  0  0  0
   43.8880   25.5510   33.1730 H   0  0  0  0  0
   43.8560   26.7770   31.0890 H   0  0  0  0  0
   44.7900   25.2190   26.1500 H   0  0  0  0  0
   40.3560   25.5830   24.2910 H   0  0  0  0  0
   43.3640   27.0490   26.8650 H   0  0  0  0  0
   41.0740   27.2380   25.9370 H   0  0  0  0  0
   40.0820   22.4550   23.1220 H   0  0  0  0  0
  1  2  1  0  0  0
  1  3  2  0  0  0
  1  4  1  0  0  0
  2  5  1  0  0  0
  2  6  1  0  0  0
  3  7  1  0  0  0
  3  8  1  0  0  0
  4  9  2  0  0  0
  4 40  1  0  0  0
  5  7  2  0  0  0
  5 10  1  0  0  0
  6 11  1  0  0  0
  6 41  1  0  0  0
  6 42  1  0  0  0
  8 12  2  0  0  0
  8 13  1  0  0  0
  9 12  1  0  0  0
  9 14  1  0  0  0
 10 15  1  0  0  0
 10 43  1  0  0  0
 10 44  1  0  0  0
 11 16  2  0  0  0
 11 17  1  0  0  0
 12 45  1  0  0  0
 13 46  1  0  0  0
 13 47  1  0  0  0
 13 48  1  0  0  0
 14 18  1  0  0  0
 14 19  2  0  0  0
 15 20  1  0  0  0
 15 49  1  0  0  0
 15 50  1  0  0  0
 16 21  1  0  0  0
 16 51  1  0  0  0
 17 22  2  0  0  0
 17 52  1  0  0  0
 18 23  1  0  0  0
 18 24  1  0  0  0
 19 25  1  0  0  0
 20 53  1  0  0  0
 20 54  1  0  0  0
 20 55  1  0  0  0
 21 26  2  0  0  0
 21 56  1  0  0  0
 22 26  1  0  0  0
 22 57  1  0  0  0
 23 25  2  0  0  0
 23 27  1  0  0  0
 24 58  1  0  0  0
 24 59  1  0  0  0
 24 60  1  0  0  0
 25 28  1  0  0  0
 26 29  1  0  0  0
 27 30  2  0  0  0
 27 61  1  0  0  0
 28 31  2  0  0  0
 28 62  1  0  0  0
 29 32  2  0  0  0
 29 33  1  0  0  0
 30 31  1  0  0  0
 30 63  1  0  0  0
 31 64  1  0  0  0
 32 34  1  0  0  0
 32 35  1  0  0  0
 33 36  2  0  0  0
 33 65  1  0  0  0
 34 37  2  0  0  0
 34 66  1  0  0  0
 35 38  1  0  0  0
 35 39  2  0  0  0
 36 37  1  0  0  0
 36 67  1  0  0  0
 37 68  1  0  0  0
 38 69  1  0  0  0
M  END
$$$$
