MF8
  CCTOOLS-0602171040

 20 19  0  0  0  0  0  0  0  0999 V2000
   19.3800  -17.4900   12.2190 N   0  0  0  0  0
   19.5160  -18.4740   11.4320 C   0  0  0  0  0
   20.0120  -18.2750   10.1980 N   0  0  0  0  0
   19.1990  -19.7060   11.8570 N   0  0  0  0  0
   20.0370  -19.6170    7.0360 C   0  0  0  0  0
   19.3290  -19.4990    8.3110 N   0  0  0  0  0
   18.6660  -17.3520    8.6680 N   0  0  0  0  0
   19.3130  -18.3670    9.0550 C   0  0  0  0  0
   18.6460  -20.7310    8.7020 C   0  0  0  0  0
   19.6770  -16.6320   11.8000 H   0  0  0  0  0
   19.3310  -20.4920   11.2530 H   0  0  0  0  0
   18.8310  -19.8380   12.7770 H   0  0  0  0  0
   20.9810  -18.0390   10.1260 H   0  0  0  0  0
   18.2070  -17.5110    7.7940 H   0  0  0  0  0
   18.8100  -21.5010    7.9340 H   0  0  0  0  0
   19.0460  -21.0820    9.6640 H   0  0  0  0  0
   17.5680  -20.5370    8.8020 H   0  0  0  0  0
   19.8970  -20.6300    6.6310 H   0  0  0  0  0
   19.6370  -18.8800    6.3250 H   0  0  0  0  0
   21.1090  -19.4300    7.1940 H   0  0  0  0  0
  1  2  2  0  0  0
  1 10  1  0  0  0
  2  4  1  0  0  0
  2  3  1  0  0  0
  3  8  1  0  0  0
  3 13  1  0  0  0
  4 11  1  0  0  0
  4 12  1  0  0  0
  5 18  1  0  0  0
  5 19  1  0  0  0
  5 20  1  0  0  0
  6  9  1  0  0  0
  6  5  1  0  0  0
  7 14  1  0  0  0
  8  7  2  0  0  0
  8  6  1  0  0  0
  9 15  1  0  0  0
  9 16  1  0  0  0
  9 17  1  0  0  0
M  END
$$$$
