657
  CCTOOLS-0302181015

 20 21  0  0  0  0  0  0  0  0999 V2000
   36.7860   53.3930   49.4340 C   0  0  0  0  0
   39.6170   55.6120   48.3470 N   0  0  0  0  0
   33.8960   50.7710   51.4220 C   0  0  0  0  0
   34.7240   52.7360   50.4300 C   0  0  0  0  0
   38.5470   54.9940   48.8560 C   0  0  0  0  0
   34.5820   54.0030   50.9890 C   0  0  0  0  0
   35.5460   54.9720   50.7670 C   0  0  0  0  0
   36.6520   54.6810   49.9700 C   0  0  0  0  0
   35.8320   52.4050   49.6590 C   0  0  0  0  0
   33.6900   51.8050   50.6040 O   0  0  0  0  0
   34.4910   49.7940   50.7740 F   0  0  0  0  0
   34.6200   51.0400   52.4950 F   0  0  0  0  0
   32.7370   50.3100   51.8430 F   0  0  0  0  0
   38.2390   53.3010   48.4810 S   0  0  0  0  0
   37.6630   55.5740   49.6260 N   0  0  0  0  0
   40.1330   54.9720   47.7780 H   0  0  0  0  0
   39.3200   56.3880   47.7900 H   0  0  0  0  0
   33.7190   54.2310   51.5970 H   0  0  0  0  0
   35.4410   55.9510   51.2100 H   0  0  0  0  0
   35.9490   51.4130   49.2480 H   0  0  0  0  0
  1  9  2  0  0  0
  1  8  1  0  0  0
  2  5  1  0  0  0
  2 16  1  0  0  0
  2 17  1  0  0  0
  3 13  1  0  0  0
  3 12  1  0  0  0
  4 10  1  0  0  0
  4  6  2  0  0  0
  5 15  2  0  0  0
  6 18  1  0  0  0
  7  6  1  0  0  0
  7 19  1  0  0  0
  8  7  2  0  0  0
  9  4  1  0  0  0
  9 20  1  0  0  0
 10  3  1  0  0  0
 11  3  1  0  0  0
 14  5  1  0  0  0
 14  1  1  0  0  0
 15  8  1  0  0  0
M  END
$$$$
