20J
  CCTOOLS-0920131055

 21 22  0  0  0  0  0  0  0  0999 V2000
   17.5750    9.1210    1.8740 C   0  0  0  0  0
   16.4340    9.6410    2.7230 C   0  0  0  0  0
   16.6530    9.7890    3.9770 N   0  0  0  0  0
   15.8190   10.2160    4.9660 C   0  0  0  0  0
   16.1680   10.0550    6.3150 C   0  0  0  0  0
   15.3140   10.4870    7.3100 C   0  0  0  0  0
   14.1020   11.0750    6.9810 C   0  0  0  0  0
   13.7420   11.2340    5.6480 C   0  0  0  0  0
   14.5910   10.8050    4.6590 C   0  0  0  0  0
   14.2010   10.9830    2.9430 S   0  0  0  0  0
   12.9120   10.4340    2.7560 O   0  0  0  0  0
   14.5580   12.3140    2.5980 O   0  0  0  0  0
   15.2350    9.9460    2.1150 N   0  0  0  0  0
   13.0340   11.6080    8.2410 CL  0  0  0  0  0
   18.4550    8.9460    2.5100 H   0  0  0  0  0
   17.2750    8.1770    1.3950 H   0  0  0  0  0
   17.8240    9.8620    1.1000 H   0  0  0  0  0
   17.1080    9.5920    6.5760 H   0  0  0  0  0
   15.5910   10.3670    8.3470 H   0  0  0  0  0
   12.7990   11.6930    5.3920 H   0  0  0  0  0
   14.9910    9.5680    1.2220 H   0  0  0  0  0
  1  2  1  0  0  0
  1 15  1  0  0  0
  1 16  1  0  0  0
  1 17  1  0  0  0
  2  3  2  0  0  0
  3  4  1  0  0  0
  4  5  1  0  0  0
  5  6  2  0  0  0
  5 18  1  0  0  0
  6 19  1  0  0  0
  7  6  1  0  0  0
  7 14  1  0  0  0
  8  7  2  0  0  0
  8 20  1  0  0  0
  9  4  2  0  0  0
  9  8  1  0  0  0
 10  9  1  0  0  0
 11 10  2  0  0  0
 12 10  2  0  0  0
 13  2  1  0  0  0
 13 10  1  0  0  0
 13 21  1  0  0  0
M  END
$$$$
