CLU
  -ISIS-            3D

 23 24  0  0  0  0  0  0  0  0  0
    2.9900   16.0670   51.0130 CL  0  0  0  0  0
    4.0670   16.9790   49.9050 C   0  0  0  0  0
    5.4470   16.8550   50.0270 C   0  0  0  0  0
    6.2860   17.5600   49.1720 C   0  0  0  0  0
    5.7380   18.3830   48.1960 C   0  0  0  0  0
    3.5200   17.8090   48.9380 C   0  0  0  0  0
    4.3570   18.5040   48.0780 C   0  0  0  0  0
    3.6660   19.5680   46.8090 CL  0  0  0  0  0
    2.1920   17.8900   48.8270 N   0  0  0  0  0
    1.2640   18.8340   49.2630 C   0  0  0  0  0
    1.6120   19.9310   49.9320 N   0  0  0  0  0
    0.4600   20.5810   50.5580 C   0  0  0  0  0
   -0.7070   20.0590   49.7010 C   0  0  0  0  0
   -0.1200   18.8550   49.1190 N   0  0  0  0  0
    5.8660   16.2110   50.7860 H   0  0  0  0  0
    7.3580   17.4690   49.2660 H   0  0  0  0  0
    6.3860   18.9300   47.5270 H   0  0  0  0  0
    2.5500   20.2710   49.9990 H   0  0  0  0  0
    0.3530   20.3010   51.6160 H   0  0  0  0  0
    0.5330   21.6780   50.5820 H   0  0  0  0  0
   -1.6000   19.8380   50.3030 H   0  0  0  0  0
   -1.0740   20.7820   48.9570 H   0  0  0  0  0
   -0.6480   18.1330   48.6710 H   0  0  0  0  0
  1  7  1  0  0  0
  2  6  2  0  0  0
  2  3  1  0  0  0
  2  8  1  0  0  0
  3  4  2  0  0  0
  3 15  1  0  0  0
  4  5  1  0  0  0
  4 16  1  0  0  0
  5  7  2  0  0  0
  5 17  1  0  0  0
  6  7  1  0  0  0
  6  9  1  0  0  0
  9 10  2  0  0  0
 10 14  1  0  0  0
 10 11  1  0  0  0
 11 12  1  0  0  0
 11 18  1  0  0  0
 12 13  1  0  0  0
 12 19  1  0  0  0
 12 20  1  0  0  0
 13 14  1  0  0  0
 13 21  1  0  0  0
 13 22  1  0  0  0
 14 23  1  0  0  0
M  END
$$$$
