SFX
  -ISIS-            3D

 40 41  0  0  0  0  0  0  0  0  0
   28.6310   24.0470   19.2590 F   0  0  0  0  0
   27.8130   24.5380   20.1680 C   0  0  0  0  0
   26.6790   24.9030   19.5960 F   0  0  0  0  0
   28.3760   25.5930   20.7270 F   0  0  0  0  0
   27.5440   23.4780   21.1970 C   0  0  0  0  0
   27.9580   23.6640   22.5170 C   0  0  0  0  0
   27.7110   22.6790   23.4710 C   0  0  0  0  0
   27.0500   21.5070   23.1090 C   0  0  0  0  0
   26.6370   21.3170   21.7840 C   0  0  0  0  0
   26.8840   22.3020   20.8290 C   0  0  0  0  0
   26.8260   20.5660   24.0840 O   0  0  0  0  0
   26.0580   19.3770   23.8770 C   0  0  0  0  0
   26.4320   18.3540   24.9520 C   0  0  0  0  0
   27.9530   18.2080   25.0380 C   0  0  0  0  0
   28.4010   16.8520   25.3040 N   0  0  0  0  0
   28.9220   16.0250   24.2290 C   0  0  0  0  0
   24.5980   19.6850   23.8680 C   0  0  0  0  0
   23.7960   19.1640   22.8490 C   0  0  0  0  0
   22.4280   19.4410   22.8160 C   0  0  0  0  0
   21.8540   20.2480   23.7990 C   0  0  0  0  0
   22.6510   20.7740   24.8160 C   0  0  0  0  0
   24.0190   20.4980   24.8500 C   0  0  0  0  0
   28.4700   24.5720   22.7990 H   0  0  0  0  0
   28.0320   22.8240   24.4920 H   0  0  0  0  0
   26.1270   20.4070   21.5020 H   0  0  0  0  0
   26.5660   22.1570   19.8070 H   0  0  0  0  0
   26.2890   18.9450   22.8920 H   0  0  0  0  0
   26.0450   18.6930   25.9240 H   0  0  0  0  0
   25.9920   17.3800   24.6890 H   0  0  0  0  0
   28.3800   18.5240   24.0750 H   0  0  0  0  0
   28.2880   18.8290   25.8820 H   0  0  0  0  0
   29.0540   16.6380   23.3250 H   0  0  0  0  0
   29.8920   15.6020   24.5290 H   0  0  0  0  0
   24.2370   18.5440   22.0830 H   0  0  0  0  0
   21.8130   19.0300   22.0290 H   0  0  0  0  0
   20.7960   20.4650   23.7730 H   0  0  0  0  0
   22.2080   21.3970   25.5790 H   0  0  0  0  0
   24.6330   20.9130   25.6360 H   0  0  0  0  0
   29.1410   16.9330   25.9720 H   0  0  0  0  0
   28.2150   15.2090   24.0190 H   0  0  0  0  0
  1  2  1  0  0  0
  2  4  1  0  0  0
  2  5  1  0  0  0
  3  2  1  0  0  0
  5  6  1  0  0  0
  6  7  2  0  0  0
  6 23  1  0  0  0
  7 24  1  0  0  0
  8  7  1  0  0  0
  8 11  1  0  0  0
  9  8  2  0  0  0
  9 25  1  0  0  0
 10  5  2  0  0  0
 10  9  1  0  0  0
 10 26  1  0  0  0
 12 11  1  0  0  0
 12 13  1  0  0  0
 12 27  1  0  0  0
 13 14  1  0  0  0
 13 28  1  0  0  0
 13 29  1  0  0  0
 14 15  1  0  0  0
 14 30  1  0  0  0
 14 31  1  0  0  0
 15 39  1  0  0  0
 16 15  1  0  0  0
 16 32  1  0  0  0
 16 33  1  0  0  0
 16 40  1  0  0  0
 17 12  1  0  0  0
 17 22  1  0  0  0
 18 17  2  0  0  0
 18 34  1  0  0  0
 19 18  1  0  0  0
 19 20  2  0  0  0
 19 35  1  0  0  0
 20 21  1  0  0  0
 20 36  1  0  0  0
 21 22  2  0  0  0
 21 37  1  0  0  0
 22 38  1  0  0  0
M  END
$$$$
